3 713 111 1.44 -0.18158656
0 130 1233 1.44 -0.05093032
4 928 861 1.7280002 0.43274087
6 360 524 1.7280002 -0.013305962
3 632 383 1.44 -0.6281995
2 89 569 1.7280002 0.030426562
1 1013 822 1.7280002 -0.0525645
2 813 268 1.44 0.6253664
1 494 147 1.7280002 -0.29741898
8 589 65 1.44 -0.7339245
2 388 1205 0.9 -3.6776066E-4
3 242 1791 1.44 0.142797
2 984 458 1.7280002 0.46838695
6 704 276 1.44 -0.2970146
5 216 381 1.7280002 -0.23028493
4 843 683 1.7280002 0.3632173
6 925 1374 1.7280002 -0.57294047
2 76 1664 1.7280002 0.22769457
5 733 828 1.44 -0.52828646
3 81 1080 1.7280002 -0.058333874
3 904 1440 1.44 0.21586543
0 409 1545 1.08 0.5110678
2 446 503 1.296 -0.36458597
2 637 1698 1.7280002 0.20933688
1 291 918 1.7280002 0.49344212
6 939 573 1.7280002 0.35178524
5 743 451 1.44 -0.6025996
1 135 697 1.44 0.682174
7 679 1674 1.7280002 0.1887111
8 652 1776 1.7280002 -0.28197157
9 173 1129 1.44 -0.7387733
6 976 355 1.44 -0.2616207
6 854 641 1.7280002 0.50280637
7 742 1629 1.7280002 0.010816634
2 470 287 1.44 0.10989696
4 202 165 1.7280002 -0.71899694
4 516 1612 1.44 0.2742806
1 176 1352 1.44 0.6577249
3 503 1728 1.44 0.7136062
0 180 1436 1.44 -0.7468712
6 653 1799 1.44 -0.61191165
0 343 1857 1.7280002 -0.29502138
6 676 510 1.08 0.661647
3 984 1039 1.7280002 -0.19930851
1 886 1211 1.7280002 -0.6221826
4 99 623 1.7280002 -0.7501777
8 175 809 1.44 0.5270967
8 847 874 1.7280002 -0.7500999
0 1007 1489 1.44 -0.17565411
8 803 749 1.7280002 -0.010996282
5 833 1131 1.7280002 -0.039990246
1 108 1186 1.44 -0.44723368
6 743 1268 1.08 -0.056254804
2 891 1777 1.7280002 -0.6466081
4 680 484 1.39968 0.77313787
4 294 1690 1.44 0.0010918975
0 640 1861 1.7280002 0.51460737
1 281 325 1.44 0.66123575
2 703 140 1.7280002 0.6785987
2 315 1770 1.44 0.27716047
6 944 1818 1.44 -0.28893265
1 153 700 1.44 0.45577067
3 402 364 1.44 0.4259147
8 924 1126 1.44 -0.4185735
8 123 1273 1.7280002 0.43994254
1 680 939 1.44 0.07531834
7 876 805 1.44 0.3884626
1 457 990 1.1664 0.7241064
4 273 1712 1.44 -0.39525902
8 516 1638 1.44 0.4939869
0 745 1171 1.44 -0.16661847
3 587 1743 1.44 0.37976104
0 850 1040 1.44 -0.4921414
3 849 1167 1.7280002 -0.3057878
3 358 175 1.44 0.6669416
5 432 1688 1.7280002 -0.39087683
8 777 137 1.7280002 -0.13361156
1 241 628 1.7280002 0.017603636
6 200 1152 1.44 0.5496076
5 899 1784 1.7280002 -0.39460993
2 327 1016 1.7280002 0.52894384
0 998 1768 1.7280002 -0.1542545
5 259 1497 1.7280002 -0.01344043
4 270 1482 1.7280002 -0.35636368
2 253 298 1.44 0.5491132
3 956 851 1.44 -0.7650209
3 694 1013 1.44 -0.14747488
6 132 1070 1.44 -0.32805797
6 65 1745 1.7280002 0.5943393
1 780 983 1.7280002 0.17938787
3 968 165 1.44 -0.3402301
7 347 185 1.7280002 -0.4107638
8 776 107 1.7280002 0.5880855
0 745 1485 1.44 0.6059025
4 583 289 1.44 0.45860237
8 373 440 1.44 -0.15432668
8 956 138 1.44 -0.7089756
1 127 641 1.44 0.02090168
2 791 1372 1.7280002 -0.25069755
3 35 65 1.44 -0.056547463
7 409 387 1.44 -0.75639635
4 176 520 1.44 -0.1336847
8 684 1552 0.9 0.3357522
4 706 473 1.44 0.34334165
8 286 226 1.7280002 0.20089561
4 846 390 1.7280002 -0.38859057
0 914 115 1.44 -0.64586127
9 117 483 1.7280002 -0.40376914
8 83 611 1.44 0.3387826
5 500 1642 1.44 0.7376172
4 766 439 1.44 -0.42137584
2 347 899 1.44 -0.37180066
1 802 1476 1.39968 0.5271221
0 683 568 1.7280002 0.20370662
5 913 1505 1.7280002 -0.12588102
2 1012 303 1.44 -0.16525275
7 612 1787 1.44 0.3184765
9 545 339 1.44 0.061981857
7 721 652 1.1664 -0.32272264
7 288 194 1.7280002 -0.7400393
9 812 1760 1.44 -0.63439816
0 458 1483 0.9 -0.5247816
5 981 1021 1.7280002 -0.62549186
5 308 156 1.44 0.23680645
0 48 928 1.44 -0.6515498
1 366 410 1.44 -0.47285286
1 927 1271 1.44 -0.1528042
9 412 1079 1.44 0.5164961
1 949 919 1.44 -0.10883784
4 766 678 1.296 -0.2585711
1 181 1714 1.44 0.7541663
5 291 710 1.44 -0.1930334
0 234 112 1.44 0.7731598
1 355 747 1.1664 -0.7498201
7 534 1736 1.7280002 -0.110749125
4 882 307 1.7280002 -0.41971612
9 64 1203 1.44 -0.66444385
7 855 1665 1.44 0.69961184
8 917 856 1.44 -0.19621956
7 188 1649 1.44 0.20261663
5 1033 411 1.7280002 0.1634289
1 93 365 1.7280002 0.14128435
1 956 588 1.44 -0.68223864
6 322 783 1.44 -0.6540164
5 940 1541 1.44 0.750272
5 159 1053 1.44 -0.27257222
8 998 1090 1.7280002 0.7211068
6 799 934 1.44 -0.6641508
7 863 1474 1.7280002 0.27673548
5 124 577 1.44 -0.58223206
4 440 1074 0.9 0.4664839
5 652 1009 1.44 -0.45070416
5 309 462 1.44 -0.07563245
7 903 1715 1.44 0.05151117
9 184 830 1.7280002 0.5929255
7 213 1191 1.44 0.061734796
0 291 829 1.44 0.1421364
2 903 644 1.44 -0.019590914
7 756 591 1.7280002 0.1282357
3 641 1578 1.7280002 -0.16307187
4 147 1655 1.44 -0.19442928
5 863 1373 1.7280002 -0.14762759
9 413 389 1.44 0.26825672
7 610 1123 1.08 -0.37419516
6 158 613 1.44 0.16025615
9 1005 869 1.7280002 -0.4929507
1 761 858 1.44 -0.6729494
9 1009 1095 1.44 -0.4072151
9 46 1565 1.44 -0.27558035
5 1002 1801 1.7280002 0.14588302
5 306 515 1.44 -0.68338585
9 763 1613 1.44 -0.59235144
2 71 1270 1.44 -0.11703503
0 185 453 1.44 -0.013995588
7 797 1255 1.7280002 -0.7736569
8 393 692 1.5552001 0.44763118
8 256 1499 1.44 -0.18258601
1 695 329 1.7280002 0.2603895
4 384 581 0.80999994 0.44593662
0 805 1731 1.7280002 -0.29141065
4 570 142 1.7280002 0.5641578
0 435 538 0.80999994 -0.39545453
3 718 842 1.44 -0.46881437
6 443 409 1.7280002 0.49079722
2 171 125 1.7280002 0.15000129
7 180 249 1.7280002 -0.69737506
9 362 1042 1.44 -0.55501926
3 687 366 1.7280002 0.10737306
5 337 169 1.44 0.6862778
2 446 1563 1.1664 -0.19154245
2 774 406 1.44 -0.76420707
2 69 530 1.7280002 0.6134271
5 636 223 1.44 -0.12156856
1 973 376 1.7280002 -0.14513868
6 661 1002 1.7280002 -0.5367169
8 996 952 1.44 0.057691872
5 906 221 1.44 -0.07252884
1 430 422 1.44 0.25606447
5 345 1805 1.44 -0.33063945
1 1003 537 1.44 -0.68952745
5 177 1257 1.44 0.5194952
3 285 1713 1.7280002 0.29332942
1 543 215 1.44 -0.73607457
6 899 169 1.44 -0.7765062
7 621 146 1.44 0.55702966
7 955 176 1.44 -0.61122906
0 219 799 1.7280002 0.7088812
9 196 1001 1.7280002 0.57975465
3 812 1451 0.80999994 -0.775263
3 204 308 1.44 0.2601437
9 91 827 1.44 -0.2259683
6 1044 467 1.44 -0.7224399
0 221 1361 1.7280002 -0.093556166
9 725 295 1.44 -0.15410095
4 117 900 1.7280002 0.1680268
2 384 268 1.44 0.3563115
6 205 1025 1.7280002 0.6445096
5 1002 635 1.44 -0.10661876
7 51 456 1.7280002 -0.76995873
8 686 1653 1.44 0.7329498
4 813 753 1.7280002 0.37266248
3 228 1794 1.44 -9.588599E-4
4 943 255 1.7280002 0.24389714
4 884 236 1.44 0.56889576
2 318 1645 1.44 -0.32021606
7 277 1615 1.44 0.78075093
9 455 295 1.44 -0.42987958
9 858 334 1.7280002 0.3821122
6 328 1559 1.7280002 0.41517144
2 148 1317 1.7280002 -0.7152728
6 378 343 1.44 0.41442186
8 62 1310 1.44 -0.27948016
4 769 1097 1.7280002 -0.59065527
2 1020 648 1.44 0.066076994
2 855 715 1.44 -0.17916882
6 800 1084 1.7280002 -0.3052488
4 284 241 1.44 -0.6471801
1 404 1107 1.5552001 0.6778813
2 846 1436 1.44 0.6100649
5 557 297 1.7280002 -0.7171585
9 1049 1559 1.7280002 0.6535656
3 881 379 1.7280002 0.064242005
5 941 1424 1.44 -0.05486864
7 119 1832 1.44 0.17398053
2 907 724 1.44 0.14347011
7 979 834 1.7280002 -0.75497025
3 425 1875 1.7280002 0.5999344
3 968 1632 1.44 -0.5097276
3 47 1388 1.7280002 -0.4606695
2 964 546 1.7280002 0.10755694
7 123 374 1.7280002 0.7762403
2 851 1227 1.44 0.18107677
2 734 122 1.44 0.37903863
8 353 1055 1.44 -0.30588537
9 1037 1534 1.44 0.28307015
3 378 784 1.39968 -0.041253626
0 124 1693 1.7280002 0.28738087
7 334 1581 1.44 0.6212825
2 621 538 1.44 -0.40513664
4 264 597 1.7280002 -0.6336416
8 968 1201 1.7280002 -0.2940456
9 196 1642 1.7280002 -0.58219063
8 792 1793 1.7280002 -0.70794487
5 945 642 1.44 0.21725541
7 667 1049 1.296 0.53160053
2 260 366 1.7280002 0.276223
9 375 67 1.44 0.7664501
7 84 70 1.44 -0.17286497
8 170 742 1.44 0.41655093
9 555 1859 1.7280002 -0.010895133
6 936 1325 1.44 -0.20979959
8 138 104 1.44 -0.54860663
9 979 375 1.7280002 -0.6815958
1 175 78 1.44 0.7132829
5 800 1486 1.7280002 0.563055
4 133 953 1.7280002 0.7499104
5 147 68 1.7280002 -0.16072392
4 155 650 1.44 0.10164702
8 934 1586 1.44 0.7442158
0 646 111 1.44 0.3947472
1 779 1710 1.44 0.73392814
7 772 645 1.39968 -0.6898059
1 486 1677 1.7280002 0.34319764
5 799 639 1.44 -0.55355865
6 867 1695 1.44 0.6359171
0 320 289 1.44 0.74338096
7 852 472 1.7280002 -0.636254
7 100 1110 1.7280002 -0.23609114
0 68 524 1.44 0.69660264
4 72 1487 1.7280002 0.07236421
4 791 1694 1.7280002 -0.6525644
5 1017 1617 1.7280002 0.1314131
2 75 1139 1.7280002 -0.026751518
8 919 348 1.44 -0.1109004
8 348 1757 1.7280002 0.23499817
1 457 1526 1.7280002 0.579716
0 47 249 1.44 -0.12812102
6 711 350 1.44 -0.74184114
0 96 1460 1.44 -0.2613396
6 726 644 1.1664 0.76880175
5 834 852 1.44 0.5141838
0 894 605 1.7280002 -0.6350334
3 337 110 1.44 0.6243059
5 81 733 1.44 -0.7000004
5 906 1861 1.44 0.60729927
1 676 1006 1.08 0.1170339
1 977 281 1.7280002 -0.013468325
4 717 443 1.7280002 -0.025916338
8 107 849 1.7280002 -0.54929113
9 26 1182 1.44 0.02608329
6 94 338 1.7280002 -0.68162555
8 499 150 1.7280002 0.35024828
0 929 720 1.44 -0.31324676
2 789 522 1.7280002 -0.020569026
4 144 243 1.44 0.33047885
2 261 585 1.7280002 -0.77203476
6 757 1703 1.7280002 -0.3147503
6 269 946 1.44 -0.7273394
7 1007 209 1.7280002 0.47606128
5 122 794 1.7280002 0.69645387
0 476 1814 1.7280002 0.5086126
7 324 757 1.7280002 0.16032869
4 198 1706 1.44 0.07200152
2 367 229 1.7280002 0.71404487
8 155 950 1.44 -0.18338168
1 272 992 1.44 0.12438822
2 376 387 1.7280002 0.24101013
6 721 590 1.7280002 -0.36373472
0 661 1805 1.44 -0.724375
5 304 1315 1.7280002 -0.08568859
0 170 826 1.44 -0.7612229
3 326 1560 1.296 0.5599957
7 592 1705 1.44 -0.22985405
5 385 399 1.44 -0.11430901
6 546 1708 1.44 -0.37278423
3 631 1687 1.7280002 0.053190887
3 97 1547 1.44 0.6096377
0 116 524 1.44 -0.32013422
6 136 357 1.44 -0.28956228
9 672 485 1.44 -0.06467831
8 180 1208 1.7280002 -0.10550612
3 329 674 1.44 0.20771629
0 579 287 1.7280002 -0.15692306
0 445 1727 1.44 -0.065095246
5 394 623 1.7280002 0.16051745
2 626 254 1.44 -0.015399754
6 945 187 1.44 -0.43805236
2 761 527 1.44 -0.54809594
5 216 152 1.44 -0.70185435
6 285 682 1.44 -0.2911414
5 969 1746 1.44 0.45305496
1 528 317 1.44 -0.26537764
7 858 866 1.7280002 0.3517906
8 802 551 1.44 0.3119337
7 172 1300 1.44 0.7546933
1 890 1591 1.44 -0.5322348
8 647 281 1.7280002 0.2799986
6 926 1041 1.7280002 -0.37701035
7 235 1360 1.44 -0.43031543
2 893 593 1.7280002 -0.6735231
7 892 774 1.7280002 -0.3186982
0 94 1107 1.44 -0.0034363866
8 745 1649 1.7280002 0.045668483
2 175 129 1.7280002 0.5821977
2 239 735 1.7280002 -0.12472612
5 481 1637 1.44 -0.43817782
4 561 318 1.296 0.6542086
9 970 647 1.44 0.7751798
4 160 189 1.44 -0.32621276
5 164 303 1.44 0.6437387
1 405 423 1.44 -0.4182328
5 770 580 1.44 0.18960243
0 157 1445 1.7280002 0.3270523
7 324 262 1.44 0.6688407
9 955 608 1.7280002 -0.5379642
5 1003 1041 1.7280002 -0.6360206
5 700 184 1.7280002 0.49980468
6 523 1616 1.296 0.3335728
2 429 1764 1.44 -0.057768524
0 794 148 1.7280002 0.19295108
3 851 419 1.44 -0.53100777
8 338 1191 0.9 -0.68534917
3 325 827 1.7280002 -0.3107783
2 86 607 1.7280002 -0.6008616
7 160 430 1.44 -0.4678667
9 262 1665 1.44 0.27741104
4 875 295 1.7280002 0.22725636
5 968 1223 1.44 -0.13421881
3 581 374 0.972 0.26099223
6 135 103 1.44 0.25244826
5 824 1409 1.44 -0.23128986
9 913 1411 1.7280002 -0.07164556
7 368 716 1.44 0.40167433
6 870 1289 1.44 0.667623
2 85 837 1.7280002 0.77219695
1 224 162 1.44 -0.48402733
4 106 759 1.7280002 0.46906823
1 967 1193 1.44 0.3462215
0 197 223 1.44 -0.6211288
8 645 1830 1.7280002 0.39406866
2 723 983 1.44 0.6959086
6 732 669 1.7280002 0.13130331
7 283 1794 1.7280002 0.6766903
1 418 1824 1.44 0.16292131
4 899 940 1.7280002 0.71631724
3 53 1155 1.7280002 0.034278333
4 103 466 1.7280002 0.34207886
7 244 909 1.7280002 -0.49099344
9 83 1747 1.44 0.11334163
6 756 1688 1.7280002 0.36425537
7 223 1853 1.44 0.3340754
0 135 487 1.44 -0.7417991
0 806 971 1.7280002 0.7183952
2 874 189 1.44 0.66459984
1 337 1259 1.1664 0.15690386
0 886 945 1.44 -0.49609506
2 247 955 1.44 0.66581637
2 868 80 1.7280002 -0.733779
7 933 384 1.44 0.69039613
8 231 1174 1.44 0.46046847
5 749 1320 0.80999994 -0.04912877
3 611 296 1.44 0.77744895
3 168 1279 1.44 0.69792527
2 147 1206 1.44 0.58876306
0 705 1077 1.7280002 0.019531965
8 588 1775 1.7280002 0.13993895
4 418 38 1.44 -0.6164356
0 76 554 1.44 0.64690655
2 615 1555 1.1664 -0.40224704
2 971 1169 1.44 0.29733807
2 677 1856 1.7280002 -0.45274138
3 179 1050 1.7280002 0.1703723
2 501 185 1.44 0.7446125
5 171 900 1.44 0.3718993
9 354 282 1.44 0.17530853
1 315 1270 1.08 0.4740674
7 878 1392 1.44 -0.50548935
2 229 145 1.44 -0.7797435
1 401 384 1.44 0.16785675
6 896 117 1.44 -0.48991925
1 420 1577 1.7280002 0.64205164
8 323 1736 1.7280002 -0.5659162
6 217 430 1.44 0.0617283
8 166 1003 1.44 0.012227535
6 760 645 1.44 0.23945719
2 544 1554 1.296 -0.48918876
2 66 1580 1.7280002 -0.3283581
4 184 841 1.44 -0.42594033
0 123 1534 1.44 0.70555955
3 929 1097 1.7280002 -0.2235809
9 939 125 1.44 -0.5360545
2 150 926 1.44 -0.75657034
9 176 208 1.7280002 -0.784402
1 419 358 1.39968 -0.11321902
0 968 734 1.44 -0.74363965
0 956 1561 1.44 0.67699426
7 83 713 1.7280002 0.77520424
5 64 1213 1.44 0.71033746
2 152 1589 1.44 0.44275206
7 892 895 1.44 -0.54950595
5 245 1430 1.7280002 0.26801568
3 1003 1783 1.7280002 -0.46904862
8 1001 403 1.7280002 -0.64436316
1 1020 1226 1.7280002 -0.4048185
7 433 365 1.7280002 -0.7100353
7 324 178 1.44 0.4575066
8 607 1542 0.9 0.6134606
4 967 395 1.7280002 -0.1326366
6 45 295 1.44 -0.4402834
3 871 1091 1.44 0.39826292
4 950 110 1.7280002 0.5619969
2 644 417 1.7280002 0.016280115
2 864 1362 1.44 -0.23102027
8 820 153 1.7280002 0.2331031
0 615 111 1.44 0.32692343
7 776 700 1.7280002 0.5500148
9 895 1722 1.44 -0.15104288
9 862 950 1.7280002 0.72941583
0 890 1638 1.44 -0.57385236
0 715 384 1.7280002 0.7539026
9 160 727 1.44 0.16178524
1 986 1267 1.44 0.56446904
5 146 1100 1.44 0.24329358
8 778 1040 1.44 -0.4971564
3 863 974 1.7280002 0.55810064
5 538 1596 1.44 -0.47412094
3 864 530 1.44 0.37804908
3 121 1487 1.44 0.33315498
1 144 584 1.44 0.7847976
4 175 1132 1.7280002 -0.055526078
0 840 619 1.44 0.48276573
0 349 1721 1.7280002 0.26543862
5 836 703 1.7280002 -0.008399427
3 474 1647 1.44 0.5360536
7 406 1738 1.7280002 -0.6141685
6 579 207 1.7280002 -0.37241337
6 550 1564 1.44 0.09418821
3 983 1818 1.44 -0.641379
9 346 353 1.7280002 0.10638708
6 319 1548 1.44 0.36779398
6 82 650 1.44 0.30041248
1 464 1655 1.7280002 -0.12414843
8 86 1250 1.44 0.0959236
3 185 1752 1.7280002 0.42280036
4 161 869 1.7280002 -0.657318
4 233 694 1.44 -0.76285595
6 347 1659 1.7280002 -0.67194355
7 928 1829 1.44 -0.5590344
3 320 673 1.296 0.49356014
2 835 203 1.7280002 -0.6710155
5 977 883 1.44 0.41256887
4 431 281 1.7280002 0.4842828
2 874 458 1.7280002 0.7154984
4 463 122 1.44 -0.57011133
6 615 417 1.08 -0.41371194
0 724 129 1.44 -0.12853372
4 291 1074 1.44 0.6620726
1 375 752 0.9 -0.22609776
5 789 499 1.7280002 -0.020256877
1 182 1498 1.44 -0.35801712
3 165 1607 1.7280002 0.2611274
8 800 1740 1.44 -0.34888297
2 987 1055 1.7280002 0.15205747
9 1020 562 1.7280002 0.29743177
8 741 1684 1.7280002 0.2125712
9 989 1001 1.7280002 -0.7426729
2 670 238 1.7280002 -0.0961473
1 821 1279 1.44 0.087664485
1 405 1786 1.7280002 -0.45791808
7 376 531 1.44 -0.20837975
5 704 295 1.44 0.66564816
7 838 1308 1.7280002 -0.43243954
9 656 1526 1.44 0.44478983
2 1002 1618 1.44 0.029120386
6 349 761 1.5552001 -0.60051763
9 96 718 1.7280002 -0.37513894
3 334 1508 0.80999994 0.08079702
8 243 1044 1.44 0.7730722
8 330 1561 1.44 -0.04754442
0 580 1801 1.7280002 0.17058241
4 812 1708 1.7280002 -0.6212131
2 973 1322 1.44 -0.7564483
7 271 204 1.44 -0.33148208
0 541 1583 1.44 -0.16976273
8 1008 872 1.7280002 0.28573674
7 188 471 1.44 0.051772296
9 53 1446 1.44 -0.24301249
1 685 431 1.44 -0.4720723
9 635 1811 1.7280002 -0.10116297
3 912 490 1.44 0.6047917
9 353 786 1.44 0.69613355
0 996 437 1.44 -0.58228916
6 135 1735 1.44 0.5387543
1 666 509 0.9 -0.19122094
4 272 631 1.7280002 0.05336052
5 656 1665 1.44 -0.5205201
0 106 805 1.44 -0.0842728
2 798 1671 1.7280002 0.20542789
9 756 626 1.5552001 -0.28441292
5 77 1783 1.44 0.39975947
0 667 348 1.44 -0.41041458
8 832 1322 1.7280002 -0.13480645
3 1015 1003 1.7280002 0.4256112
0 1009 731 1.7280002 0.42134017
2 826 104 1.7280002 0.6263489
2 700 1754 1.44 0.26928002
2 1013 1100 1.44 0.34138876
9 919 232 1.44 -0.46505123
1 400 293 1.7280002 0.116647065
1 155 1406 1.7280002 -0.6985078
7 570 1580 1.296 0.098172605
1 714 1746 1.7280002 -0.70026386
9 189 1712 1.44 -0.12653458
2 643 374 1.44 -0.33840317
3 142 349 1.44 0.5567066
3 827 1199 1.7280002 0.69263726
1 638 495 0.9 -0.03795713
3 118 1361 1.7280002 0.65172654
5 738 926 1.7280002 0.3386715
3 756 1165 1.44 -0.660458
6 1005 1496 1.7280002 0.20459777
0 292 194 1.44 -0.53610796
6 992 1064 1.7280002 -0.4876929
9 127 1725 1.7280002 0.30996448
0 156 1667 1.44 -0.75025624
4 745 1290 0.9 -0.17736787
7 959 822 1.7280002 -0.15406764
5 827 104 1.7280002 -0.24823433
0 562 1708 1.44 0.4344476
5 132 1185 1.7280002 -0.47695
7 719 466 1.44 -0.2645145
8 997 1071 1.7280002 0.22918433
0 333 223 1.7280002 -0.017338336
1 166 1041 1.44 -0.2209158
2 318 1553 1.44 0.034031928
6 392 989 1.5552001 -0.10036695
7 291 102 1.44 0.14105499
7 61 1509 1.7280002 0.33285183
1 55 80 1.44 -0.026532233
6 493 135 1.44 0.5514017
0 369 1324 0.972 -0.1706428
6 610 1532 0.9 0.6069003
8 96 1099 1.44 -0.39684
3 156 1777 1.7280002 0.15153736
1 359 1738 1.44 -0.6709068
9 959 818 1.44 -0.39800248
7 570 1670 1.7280002 0.09492022
5 214 1248 1.44 -0.23149955
9 717 508 1.44 0.40089947
8 662 864 1.1664 0.26955634
6 985 1297 1.44 0.14593136
1 545 1814 1.7280002 0.28473705
4 992 1614 1.44 0.61640936
5 679 198 1.44 0.6220469
9 437 1621 1.7280002 -0.48949596
3 875 1664 1.44 0.59902495
0 702 464 1.44 -0.673411
1 949 1654 1.44 0.006608546
6 288 357 1.44 0.49919528
8 652 799 1.44 0.7305394
6 862 1664 1.7280002 -0.24079096
5 726 1024 1.44 -0.039615154
5 217 501 1.7280002 0.18127161
4 342 1356 0.9 0.47642416
7 257 132 1.7280002 0.091941
1 658 937 1.44 -0.7785961
5 153 798 1.44 0.30185968
9 769 1759 1.44 -0.21390438
2 723 755 1.1664 -0.46671358
3 367 956 1.7280002 -0.07503146
6 711 440 1.44 -0.5544829
4 193 1015 1.7280002 0.5350531
2 427 1133 1.39968 -0.6001334
4 212 723 1.44 -0.2973744
4 988 1408 1.7280002 -0.73990923
6 861 1083 1.7280002 -0.31316823
9 1025 490 1.7280002 -0.2629633
4 165 299 1.7280002 0.20872092
2 813 1222 1.44 0.51071376
8 128 1430 1.7280002 0.18229109
7 863 150 1.44 0.7386897
3 782 950 1.7280002 0.6052365
0 811 447 1.7280002 0.5316672
0 978 918 1.7280002 -0.4108435
6 223 400 1.44 0.13500547
3 163 283 1.7280002 -0.3827165
0 525 284 1.44 0.011808038
4 1019 1147 1.7280002 0.6255197
7 562 109 1.44 -0.67327696
1 791 1699 1.44 0.0045883656
0 193 1405 1.7280002 -0.0747664
6 1027 173 1.44 0.22696704
3 315 1649 1.7280002 0.6000599
3 89 583 1.7280002 -0.7126047
9 144 347 1.44 0.6396535
5 988 1533 1.44 -0.5975659
7 320 780 1.44 0.4999047
1 408 1557 1.44 0.17877775
1 909 657 1.44 -0.70643824
0 409 1617 1.44 -0.07431549
7 638 1557 1.44 -0.7009543
7 999 1826 1.7280002 -0.04396504
4 123 1290 1.44 -0.29805106
4 807 655 1.44 -0.1535995
6 389 1053 1.44 -0.4071617
0 877 1302 1.7280002 0.1819523
5 217 1065 1.7280002 -0.32981682
0 362 402 1.44 -0.68329275
5 766 321 1.44 -0.57129973
3 863 931 1.7280002 -0.060072422
6 374 992 1.44 0.16977078
0 669 259 1.44 0.689161
1 110 453 1.44 0.42512304
9 559 120 1.44 -0.34013543
9 965 1717 1.44 0.33975285
6 709 493 1.44 0.3035335
8 1014 840 1.44 -0.66746396
3 942 419 1.44 -0.2146287
9 186 200 1.44 0.7332354
6 271 1813 1.44 0.36138588
1 645 1519 1.296 -0.6084777
6 286 343 1.44 0.028885841
3 852 55 1.44 0.019115388
0 280 963 1.7280002 0.116889834
4 362 855 1.1664 0.48579615
4 119 804 1.7280002 0.69397956
7 975 1727 1.44 -0.54746115
3 689 1565 1.7280002 0.3582092
7 282 915 1.7280002 -0.36377883
8 686 1116 0.80999994 0.57056385
2 821 1068 1.7280002 -0.64841366
7 370 1645 1.7280002 0.19651198
2 556 130 1.44 -0.23609936
7 492 319 1.7280002 0.53413314
9 940 960 1.44 0.6646437
5 29 1140 1.7280002 0.5038546
4 923 699 1.44 -0.12492591
2 227 492 1.7280002 -0.16072297
4 904 1636 1.7280002 0.18228102
7 515 124 1.7280002 0.51774365
2 140 1450 1.7280002 -0.2732454
2 736 797 1.44 0.6124529
6 98 474 1.44 0.5280294
3 448 1108 1.44 -0.6637651
4 631 171 1.7280002 -0.73666435
5 143 204 1.44 -0.764923
8 867 1207 1.7280002 0.036762714
9 131 1820 1.7280002 0.19109678
0 299 1113 1.7280002 -0.6750839
2 351 1588 1.5552001 0.14618742
2 316 1559 1.7280002 0.64007825
8 386 90 1.44 -0.7399041
1 203 1559 1.44 -0.19721597
4 766 1053 1.7280002 -0.14534158
0 192 760 1.44 -0.6546059
8 389 1800 1.44 0.08417708
5 805 1459 1.296 -0.237297
5 728 791 1.7280002 -0.67502826
0 889 185 1.44 0.39790195
6 696 53 1.44 -0.6570346
4 42 1164 1.7280002 0.43892604
3 44 673 1.7280002 0.6791908
1 657 1657 1.44 -0.7135738
7 291 726 1.44 0.6361105
0 320 1564 1.44 0.046350777
4 132 683 1.44 0.026759088
1 353 1535 0.9 0.61070853
8 408 691 0.80999994 -0.028773665
1 166 1550 1.44 0.6383957
5 224 1603 1.44 -0.20700717
8 912 1766 1.44 -0.73271114
6 386 419 1.44 -0.41991162
0 937 1760 1.44 -0.08289993
2 320 1097 1.44 -0.18049985
7 839 1400 1.7280002 0.3011977
5 735 143 1.7280002 0.080031335
7 633 524 1.1664 -0.09702146
8 90 652 1.7280002 -0.20361704
7 213 728 1.7280002 -0.40403655
5 960 1154 1.7280002 -0.49792677
3 269 401 1.7280002 0.5694842
6 440 267 1.7280002 -0.49060103
8 58 193 1.44 -0.5363381
7 124 633 1.44 -0.70789576
8 710 170 1.7280002 -0.46923935
4 657 133 1.7280002 0.61745423
5 875 925 1.44 -0.26171088
2 319 1289 1.296 -0.4110738
7 330 868 1.44 0.091831386
8 388 382 1.7280002 -0.017747045
4 955 1228 1.44 -0.53846765
5 860 1772 1.7280002 0.031321168
6 339 1786 1.7280002 -0.18534613
0 46 752 1.7280002 0.19639516
3 804 701 1.44 0.5868961
4 697 1823 1.44 -0.21401268
2 538 64 1.7280002 0.1330877
7 827 1784 1.44 -0.24170196
8 560 1570 1.44 0.24927336
1 848 1626 1.7280002 -0.7294675
0 195 1328 1.44 0.0023756623
3 910 1747 1.7280002 -0.15347469
9 184 1145 1.44 -0.30042347
6 293 1121 1.44 0.14356679
4 985 429 1.44 0.09679836
0 337 1830 1.44 -0.6635168
0 167 1709 1.7280002 -0.5210768
9 723 83 1.7280002 -0.11865741
8 811 654 1.7280002 -0.55155045
9 298 1416 1.296 0.374206
8 895 214 1.44 -0.10552728
3 518 1640 1.7280002 0.35444087
9 822 1383 1.44 0.34146315
9 323 1627 1.44 0.34389442
9 260 1330 1.7280002 0.14529926
3 809 1005 1.44 -0.36412805
2 987 1487 1.7280002 0.36948556
8 576 1507 1.08 -0.0312863
1 172 878 1.44 -0.311494
1 162 930 1.44 -0.1039511
8 421 1577 1.7280002 -0.3068309
4 299 731 1.44 0.5662009
4 856 1060 1.44 0.55671173
1 984 470 1.44 0.26932424
3 315 365 1.44 0.71735364
9 146 473 1.7280002 -0.53898525
7 178 732 1.7280002 0.123918116
3 110 1160 1.7280002 0.73721176
6 231 115 1.44 0.59447056
2 763 1056 1.7280002 0.24307209
8 997 514 1.7280002 0.1953249
2 626 329 1.44 -0.4279476
2 870 1150 1.44 -0.6010103
0 959 1686 1.44 0.6379581
3 947 656 1.44 -0.34447438
0 388 1548 1.44 0.5508062
4 185 443 1.44 0.43961364
9 95 752 1.44 0.41610223
0 461 1622 1.7280002 -0.43500537
6 778 278 1.44 0.082564354
9 236 474 1.44 -0.7604551
7 767 514 1.44 0.07279146
6 859 137 1.7280002 -0.14655614
5 729 740 1.44 0.02282548
5 388 1524 1.1664 0.06308508
7 687 969 1.7280002 0.7258721
6 238 1733 1.44 -0.34795225
6 912 1395 1.44 0.5500024
1 522 319 1.7280002 -0.65103704
5 519 326 1.7280002 0.32594186
3 906 1157 1.44 -0.600104
1 292 1203 1.296 0.7002334
7 374 535 1.44 -0.22007042
6 59 207 1.7280002 -0.24722654
3 994 1146 1.44 -0.70285034
4 124 1407 1.44 0.7146471
8 780 214 1.44 -0.20476633
8 927 72 1.44 0.52195233
9 175 150 1.7280002 0.14917976
8 538 230 1.44 -0.5577125
2 224 1487 1.44 0.6192909
1 726 127 1.44 0.41782004
6 765 1344 1.296 0.52878505
9 222 789 1.44 -0.6097636
0 166 1829 1.44 -0.22057259
5 78 1300 1.7280002 -0.39880273
1 110 799 1.7280002 -0.24857551
3 236 1662 1.7280002 0.6219085
9 930 1764 1.44 -0.73935235
2 134 1638 1.44 -0.29889846
5 317 115 1.7280002 -0.5829092
6 129 520 1.7280002 0.433937
5 306 1760 1.44 0.20812583
7 33 1330 1.7280002 -0.080249846
4 624 319 1.44 0.24856871
7 437 1620 1.44 0.58919173
9 399 196 1.44 -0.06585717
0 689 1054 1.44 0.7673586
9 366 1479 0.80999994 -0.5509007
9 112 1330 1.44 -0.077686906
4 503 298 1.5552001 0.4464938
4 949 1051 1.44 -0.35546654
1 610 428 1.08 0.7792986
1 890 559 1.7280002 -0.5400795
9 174 634 1.44 0.30839902
6 673 1604 1.7280002 0.70251554
5 820 334 1.7280002 -0.48142767
5 840 1393 1.44 0.55469507
8 114 248 1.7280002 0.6728874
5 167 1694 1.7280002 -0.24746192
4 739 670 1.44 0.7674511
5 229 1330 1.44 -0.46083915
2 693 994 1.44 0.42507678
4 211 697 1.44 0.4119417
4 153 1597 1.44 0.2148357
6 671 199 1.44 -0.7219371
9 959 1131 1.44 0.5350576
7 896 366 1.44 0.6988589
9 380 1136 1.7280002 0.24707168
3 56 1599 1.7280002 0.044936
5 303 442 1.7280002 -0.1260761
8 299 684 1.296 0.7276965
9 259 398 1.7280002 0.32215112
1 167 1798 1.44 -0.30682668
5 935 1060 1.44 0.3870831
8 229 1102 1.44 -0.10796577
1 405 121 1.44 -0.27628732
4 117 704 1.7280002 -0.55444443
9 207 1075 1.44 0.5014424
7 91 1859 1.44 0.15591776
2 94 1038 1.44 0.16171998
2 428 1019 1.08 -0.34766367
3 777 1251 1.44 0.7000076
9 947 127 1.44 -0.3996903
9 669 1129 1.44 0.31856734
3 699 629 0.9 0.52389723
5 121 405 1.7280002 0.5884343
7 290 1246 1.5552001 0.71149844
1 923 1208 1.7280002 -0.6127806
2 781 867 1.44 0.48508078
3 477 156 1.7280002 0.3693226
9 546 137 1.44 -0.17134804
2 795 385 1.7280002 -0.37995097
9 873 185 1.44 0.11414844
9 432 114 1.7280002 0.5073435
3 252 483 1.44 0.5524159
9 521 342 1.44 -0.12056512
4 127 1172 1.44 0.7543579
6 214 1536 1.44 -0.20832413
3 166 305 1.44 -0.54529893
4 139 1493 1.44 -0.29570907
1 830 1275 1.7280002 -0.6360955
6 354 1647 1.44 -0.5167084
4 288 913 1.44 0.67404205
4 952 1673 1.7280002 -0.10906172
1 628 308 1.7280002 0.717133
4 407 109 1.44 0.009402931
8 995 1136 1.44 0.15526164
3 932 1445 1.7280002 -0.70680815
4 735 510 1.7280002 -0.052043736
4 83 1231 1.44 0.20610988
5 796 244 1.44 -0.56796396
1 624 333 1.7280002 0.24461359
7 444 1748 1.44 0.59950835
3 681 583 0.972 -0.7177511
4 162 967 1.7280002 0.4645167
7 926 209 1.44 0.70947975
8 727 943 1.44 -0.38730365
2 767 1805 1.7280002 0.25247675
4 935 988 1.44 0.1877206
1 179 1329 1.7280002 -0.23798978
9 176 1626 1.44 0.25159723
1 513 1702 1.7280002 0.14155579
2 829 1398 1.39968 -0.3522131
3 774 746 1.5552001 -0.6156566
1 79 558 1.7280002 -0.14298654
5 822 128 1.44 0.57432073
8 523 1817 1.7280002 0.5856845
1 867 1401 1.44 -0.6211909
9 196 1520 1.44 0.6542309
2 720 418 1.44 0.7423157
9 490 106 1.44 -0.7304997
2 126 1503 1.44 0.26097614
3 877 1644 1.44 -0.33498466
0 997 180 1.44 -0.6946452
4 311 1651 1.44 0.024194837
6 333 1300 1.7280002 -0.11728203
6 828 1083 1.44 0.7394791
5 914 904 1.44 -0.14320922
0 352 857 1.44 0.13779742
0 760 329 1.44 0.41733795
3 897 952 1.7280002 0.11390144
9 72 1241 1.44 -0.4752046
6 43 924 1.7280002 -0.46113512
1 763 758 1.44 -0.4124726
3 212 1474 1.7280002 -0.25413364
3 959 152 1.44 -0.46312955
7 898 162 1.44 0.32735866
0 104 1652 1.7280002 -0.5471664
1 177 1012 1.44 -0.7776431
7 750 1018 1.7280002 0.48809355
1 90 137 1.44 0.060048103
9 302 75 1.44 -0.3776309
7 996 509 1.44 0.23836869
4 140 272 1.7280002 0.26817685
8 1016 245 1.7280002 -0.3372695
1 954 847 1.44 -0.11298108
4 361 1305 1.08 0.5807727
2 229 1768 1.7280002 -0.73952276
6 649 203 1.44 -0.0717724
4 966 338 1.44 -0.702455
5 920 817 1.7280002 0.25586492
2 136 1787 1.44 0.54862064
7 347 732 1.39968 0.45837575
2 416 840 1.296 -0.6521006
6 447 1797 1.44 -0.015623152
7 926 453 1.7280002 0.17983979
4 889 1171 1.7280002 -0.70560074
3 210 525 1.44 0.6721769
9 256 1343 1.7280002 0.46848375
6 54 920 1.44 0.27197164
0 428 744 1.296 -0.15238428
6 112 1013 1.7280002 0.103714645
4 573 1686 1.44 -0.5025979
8 791 1488 0.80999994 -0.41250142
1 209 904 1.44 -0.62036335
7 358 1690 1.7280002 0.25025564
4 124 710 1.44 -0.24345672
6 808 1653 1.7280002 0.45482212
1 305 626 1.7280002 0.5258303
1 141 1605 1.7280002 0.008563936
4 890 765 1.7280002 0.48208135
0 409 1079 1.7280002 0.19498897
3 610 346 1.44 -0.50405765
6 177 732 1.7280002 0.5237668
7 238 422 1.44 0.2520098
6 384 133 1.44 0.10285115
0 595 311 1.7280002 -0.5636818
3 262 272 1.44 -0.75755376
1 784 483 1.44 0.33139795
1 144 1640 1.44 0.52199405
3 1009 1308 1.44 0.45390624
1 88 1598 1.7280002 0.40007943
4 558 1709 1.44 -0.67381763
6 832 1792 1.44 -0.1664316
1 112 501 1.7280002 -0.42485175
8 896 1133 1.44 0.19991094
2 319 915 1.44 0.6340931
7 861 1301 1.7280002 -0.19453871
7 804 1210 1.44 0.1767981
4 892 1820 1.44 -0.5057254
2 678 1056 1.44 0.76580566
6 297 1208 1.44 0.4762023
1 134 353 1.44 0.6467065
2 996 547 1.44 0.4382189
6 846 1665 1.7280002 0.0045434237
6 863 1246 1.44 0.42528123
6 998 856 1.7280002 0.47565705
8 314 241 1.7280002 0.2278747
2 408 1891 1.44 0.45217174
2 672 1012 1.44 -0.63040984
8 518 1546 0.972 0.39334637
8 954 1544 1.44 -0.0056934357
2 957 507 1.44 0.5394637
9 932 537 1.7280002 -0.016019464
2 695 1643 1.44 -0.7119337
8 364 911 1.7280002 -0.46855643
9 96 856 1.7280002 -0.4924557
6 297 698 1.44 -0.67925924
9 874 689 1.44 -0.47897175
2 698 975 1.44 0.45300382
9 139 1151 1.44 0.4647469
9 588 1573 1.44 -0.0050107837
8 712 535 1.44 0.19405991
0 222 1772 1.44 0.39240283
8 536 380 1.44 0.50764745
6 972 1785 1.44 0.2392059
3 951 485 1.7280002 -0.43569887
6 532 1560 1.08 0.664332
4 234 1506 1.5552001 0.33404404
0 215 784 1.44 -0.050590098
0 312 1403 1.08 -0.59404325
7 386 48 1.7280002 0.35831028
6 1019 354 1.7280002 0.480269
5 516 1645 1.44 0.3600058
7 530 1622 1.7280002 0.37072247
4 432 1621 1.44 0.5411311
2 254 851 1.44 0.7212809
9 918 648 1.44 -0.65416574
3 38 1265 1.44 -0.19561881
7 851 914 1.7280002 -0.21122628
2 994 309 1.44 0.49842602
0 146 871 1.7280002 -0.33922556
0 742 924 1.44 -0.61248106
3 764 1291 1.1664 0.19341624
1 378 223 1.7280002 0.34612507
4 464 379 1.44 -0.65095043
3 799 660 1.44 -0.07915872
6 851 374 1.44 -0.74215114
3 110 757 1.44 0.15488476
6 263 237 1.44 0.69405884
3 753 1007 1.7280002 -0.2925973
6 160 1215 1.7280002 -0.11100775
2 606 1661 1.44 -0.7646156
6 65 694 1.7280002 -0.5608728
8 311 697 1.44 0.21305752
8 833 1350 1.7280002 -0.18553042
3 147 1408 1.44 -0.576974
2 792 1688 1.44 0.77648634
2 391 566 0.9 -0.4866906
4 755 1161 1.08 0.69703084
4 318 1605 1.7280002 0.26992577
7 749 326 1.44 -0.75388044
8 331 642 1.7280002 0.19615024
3 759 696 1.1664 -0.33680907
9 673 1861 1.44 0.099787235
8 180 668 1.7280002 -0.15438586
6 222 1829 1.7280002 0.053574264
3 1000 1156 1.44 -0.29633355
6 460 1760 1.44 -0.6175569
9 653 329 1.44 -0.32100758
9 1002 1106 1.44 0.49054974
5 942 951 1.44 -0.32160053
5 355 572 1.296 -0.3361727
3 591 1755 1.7280002 0.14014596
1 929 671 1.7280002 -0.7426198
1 136 972 1.44 0.54707044
9 476 124 1.44 -0.4074235
1 570 222 1.7280002 0.21905345
5 499 79 1.44 0.1286813
2 773 1183 1.7280002 0.1359306
9 855 136 1.44 -0.041402876
9 391 1559 1.296 0.1428057
6 289 138 1.7280002 0.19758552
8 166 217 1.7280002 -0.7070824
3 996 661 1.44 0.3669756
6 861 795 1.44 -0.6002399
5 82 334 1.44 -0.3713859
0 966 1652 1.7280002 0.50756675
3 108 329 1.44 0.33314985
3 720 1581 1.44 0.69117147
6 515 164 1.7280002 -0.30457047
0 72 982 1.44 -0.5107621
3 864 782 1.44 -0.7725775
0 264 685 1.7280002 0.19528723
3 723 253 1.44 0.58058923
6 996 272 1.7280002 0.7723256
1 467 261 1.44 -0.36662096
7 312 892 1.7280002 -0.33870387
3 1018 1375 1.44 0.21736282
5 243 1467 1.7280002 -0.41454166
4 99 94 1.44 -0.07936442
3 279 1232 1.7280002 0.2946753
7 296 976 1.7280002 0.58787066
4 898 746 1.7280002 0.61400217
5 878 599 1.44 -0.3626405
1 286 557 1.44 -0.4998905
5 260 1300 1.44 -0.23199296
2 905 538 1.7280002 0.31122714
0 144 275 1.44 -0.7438224
6 1007 1796 1.7280002 0.35984236
1 1011 1176 1.7280002 -0.6526214
7 352 484 1.44 -0.7376884
0 765 1613 1.44 -0.5007007
6 247 1090 1.44 0.67431575
2 225 1668 1.44 0.7620813
5 170 100 1.7280002 0.09829724
8 643 400 1.44 -0.45475125
5 936 1211 1.7280002 0.2472331
2 110 364 1.44 0.18776941
6 78 716 1.44 0.07863414
2 688 180 1.44 -0.57219404
4 382 1567 1.7280002 -0.38892847
9 371 1806 1.7280002 0.18520588
1 223 88 1.7280002 0.6957963
1 820 362 1.44 -0.09267962
7 807 862 1.44 -0.21296138
4 814 594 1.7280002 0.4686362
8 924 1265 1.7280002 0.029674351
8 70 369 1.7280002 0.086464405
7 794 1357 1.7280002 -0.1061092
6 1041 473 1.44 0.69314736
5 782 1066 1.44 0.5642664
8 154 1611 1.44 -0.06089109
2 217 928 1.44 -0.7848948
7 971 289 1.44 0.013080299
5 82 125 1.44 0.7663451
0 352 140 1.7280002 0.7453819
8 604 1595 1.44 -0.27081037
0 288 1042 1.44 -0.74840933
3 667 115 1.44 0.0023100376
5 297 752 1.7280002 -0.7498759
5 749 577 1.7280002 -0.7297127
7 923 1249 1.7280002 0.74301845
4 963 742 1.44 0.7089556
1 109 853 1.7280002 0.6273466
0 130 1587 1.7280002 0.71684986
9 374 1103 1.44 -0.7399284
0 888 1160 1.7280002 -0.5950212
9 811 288 1.44 -0.69139653
5 535 1660 1.44 0.35738283
8 656 1782 1.7280002 0.36553413
8 809 1476 1.44 0.06772828
0 302 1407 1.44 -0.3825244
7 127 1449 1.44 0.24336165
8 199 1704 1.44 0.48327667
5 577 1766 1.44 0.5912916
8 911 153 1.7280002 -0.5313428
1 508 1522 1.7280002 -0.5909327
4 703 283 1.7280002 0.3564976
8 932 1670 1.44 0.19720519
2 1002 1347 1.44 0.229747
0 887 412 1.44 0.6617659
8 920 1675 1.44 -0.6665524
1 451 91 1.44 0.6797572
4 171 1672 1.44 -0.08901453
1 89 232 1.44 -0.281691
7 272 785 1.7280002 -0.5261616
8 822 345 1.7280002 0.022894561
6 932 419 1.44 -0.29927823
4 377 1550 0.80999994 -0.18084872
6 723 414 1.7280002 -0.5563742
3 776 419 1.7280002 0.36989158
9 655 333 1.44 0.72769636
1 902 1418 1.44 -0.05672759
1 659 87 1.7280002 0.3438967
6 696 921 1.7280002 -0.6403089
6 118 1616 1.44 -0.77822083
0 811 641 1.7280002 0.57818824
5 845 1248 1.44 0.26882213
3 76 281 1.44 0.20838958
1 405 486 1.44 -0.2326597
4 193 1399 1.44 0.07245308
3 960 400 1.44 -0.19088024
4 898 1087 1.44 -0.7788575
3 294 129 1.44 0.031187654
3 156 362 1.44 0.37966925
7 782 1387 0.9 -0.6506256
3 302 1646 1.7280002 -0.23266774
4 990 732 1.7280002 -0.16576272
3 261 811 1.44 0.21924359
9 744 938 1.44 -0.124965906
3 262 1581 1.44 0.016953588
1 490 1493 0.972 -0.5631981
9 857 303 1.44 0.14820224
7 958 483 1.44 -0.09169096
8 655 783 0.972 0.72483164
8 550 1538 0.9 0.55890554
9 999 133 1.7280002 -0.4779531
7 828 703 1.44 0.6942614
0 1028 258 1.7280002 -0.11985856
2 982 1540 1.44 -0.35707664
1 826 1262 1.7280002 0.6293393
8 957 767 1.44 0.113191664
6 533 418 0.9 0.11972904
3 565 1579 1.44 0.6818387
6 258 1668 1.7280002 0.029726148
2 85 1710 1.7280002 0.1283508
8 151 168 1.7280002 -0.71138144
6 389 1565 1.08 -0.13512617
0 673 1862 1.7280002 0.15974009
3 298 1768 1.44 -0.7634171
2 997 535 1.44 0.5294966
9 307 343 1.7280002 0.43739003
7 128 333 1.44 -0.73502
6 151 741 1.44 -0.12854654
4 195 1396 1.7280002 -0.34345442
7 763 110 1.44 -0.3996297
5 798 1137 1.44 -0.71180487
8 928 1402 1.7280002 0.6781773
6 620 1130 1.44 -0.45388624
1 137 155 1.7280002 -0.31881934
6 793 855 1.7280002 0.60720235
8 783 1480 1.44 0.48075634
4 215 104 1.7280002 -0.65695715
6 847 388 1.44 -0.5174165
2 990 1643 1.7280002 -0.51089454
4 296 1207 1.08 -0.19512641
6 823 584 1.7280002 -0.3010515
7 282 530 1.44 -0.6210545
2 760 259 1.44 0.023661554
2 985 149 1.7280002 -0.5949837
9 994 480 1.44 0.18132246
3 697 159 1.44 -0.74678236
1 785 312 1.7280002 0.13358301
6 276 767 1.7280002 0.3560112
6 281 1755 1.44 -0.33422992
1 612 1618 1.44 -0.29111677
2 761 527 1.7280002 -0.049152732
3 513 260 1.7280002 0.39981955
4 273 1620 1.44 -0.2637139
7 786 134 1.7280002 0.22317451
7 724 1819 1.7280002 -0.29448837
0 715 637 1.44 0.30621916
2 443 86 1.44 -0.5006535
0 637 1523 1.08 -0.43855157
6 529 321 1.44 0.3946243
0 733 504 1.7280002 -0.5666605
0 964 957 1.7280002 -0.65430397
1 38 1012 1.7280002 -0.6400523
6 739 1499 1.44 -0.12323409
6 668 1595 1.7280002 -0.6470498
5 753 434 1.44 -0.3647896
5 283 179 1.44 0.5446933
0 667 1616 1.7280002 0.73809284
7 361 812 1.08 0.6144013
6 1027 1721 1.7280002 0.50963575
5 1003 581 1.7280002 -0.43982264
9 660 1522 1.7280002 0.50354975
8 729 1593 1.44 -0.5350094
5 737 426 1.44 0.06604785
1 183 248 1.7280002 -0.5199577
1 728 435 1.44 -0.5255875
4 401 1063 1.08 0.0012874603
7 469 72 1.44 0.053681016
8 295 313 1.44 0.5901602
2 599 1613 1.7280002 0.2702759
5 296 964 1.44 0.49544638
3 652 1736 1.44 0.14088994
9 663 851 1.296 0.2653901
5 970 1091 1.44 -0.40894595
1 1026 1531 1.44 -0.6789012
2 980 541 1.7280002 -0.03957957
1 322 1041 1.44 -0.047935307
9 338 173 1.44 0.20837891
3 378 945 1.44 -0.0137165785
6 523 1686 1.7280002 -0.026851118
7 282 322 1.7280002 0.30269855
0 760 104 1.44 0.30659634
1 167 1025 1.44 -0.2080071
7 310 280 1.7280002 0.50306815
1 356 763 1.44 -0.71549803
8 128 1208 1.44 -0.6338587
9 436 1865 1.44 -0.74400723
4 283 912 1.44 0.32789892
5 79 1676 1.44 0.59668356
7 143 562 1.44 0.47596663
2 184 1082 1.7280002 0.031350613
9 1008 358 1.7280002 -0.34394446
6 511 71 1.44 0.068920255
3 547 262 1.7280002 0.4811769
1 111 437 1.7280002 0.4222309
2 907 1474 1.44 0.10682881
8 779 1260 1.7280002 0.5967676
6 687 624 1.08 0.61826867
6 211 279 1.44 0.30666918
6 576 1558 1.39968 0.09689075
6 742 634 0.972 -0.7095917
5 193 423 1.44 -0.49046218
5 861 1479 1.7280002 -0.012058556
2 338 755 1.44 0.23569435
0 366 878 1.44 0.41793042
7 696 135 1.44 -0.2655486
5 700 892 1.44 0.7783436
6 713 564 1.44 0.32262653
4 588 53 1.44 -0.21344483
8 65 532 1.44 0.059687257
7 564 165 1.44 -0.29929957
0 636 491 1.44 -0.7704474
4 900 844 1.7280002 0.5657521
6 401 1803 1.7280002 -0.556771
6 337 233 1.7280002 0.27216226
9 191 478 1.7280002 0.39728492
9 395 754 0.9 -0.57670677
6 201 534 1.7280002 0.47969824
8 216 279 1.7280002 -0.5812817
4 639 539 0.80999994 -0.5877899
8 440 129 1.44 0.2555663
8 716 438 1.44 0.38352948
6 661 506 1.08 -0.35666946
9 843 668 1.7280002 -0.105778575
8 710 1862 1.7280002 -0.11291808
6 75 1312 1.44 0.11803472
4 873 246 1.44 0.6905423
5 198 1684 1.7280002 0.20802444
3 278 1732 1.7280002 0.17219365
6 103 265 1.44 -0.764291
7 301 1818 1.44 0.2246291
3 1000 1739 1.7280002 -0.21296954
2 309 1030 1.7280002 0.5289728
9 855 1725 1.44 0.18316185
1 406 299 1.7280002 -0.47197202
2 347 513 1.7280002 0.0838083
0 282 1396 1.44 0.21107918
7 387 281 1.44 0.4220943
8 504 1783 1.44 0.7213369
4 260 321 1.44 0.07448441
6 854 467 1.7280002 0.59617203
7 378 123 1.44 0.5606887
7 593 338 1.44 0.76592547
3 855 725 1.7280002 -0.4339752
5 848 1024 1.44 -0.17066342
0 981 1222 1.44 0.5381239
9 267 191 1.7280002 -0.74395335
0 924 1500 1.44 -0.4118967
2 81 1809 1.44 0.61863285
3 932 1316 1.44 0.41825455
6 395 386 1.7280002 0.75670224
3 234 510 1.7280002 0.056429625
0 352 572 1.7280002 0.08991355
2 335 1349 1.08 0.668261
2 933 1822 1.7280002 0.11569983
9 1016 253 1.7280002 -0.02630639
8 770 1600 1.44 0.5048142
4 915 93 1.44 0.6815987
6 180 124 1.7280002 -0.7270044
8 788 1826 1.44 0.4800561
2 257 1200 1.44 -0.6829197
1 418 967 0.80999994 0.4980299
2 206 630 1.7280002 -0.39776328
0 643 362 1.5552001 0.20023489
9 783 778 1.7280002 0.06229019
9 1000 1464 1.7280002 -0.50830764
2 977 1618 1.44 0.29972953
2 829 1283 1.7280002 0.73651737
2 866 844 1.7280002 0.3265645
7 718 1787 1.44 0.51114756
8 672 962 1.7280002 0.03706187
2 363 1639 1.7280002 -0.57880473
0 402 902 1.7280002 -0.59016937
1 978 535 1.7280002 -0.008748949
8 555 1850 1.44 -0.078238666
0 932 863 1.44 -0.7048832
1 103 523 1.7280002 0.08633798
3 348 185 1.7280002 -0.5509224
0 96 926 1.7280002 -0.030422986
2 454 1155 0.972 -0.18486041
9 627 396 1.44 0.015162408
2 589 378 1.08 0.2826268
0 970 940 1.7280002 -0.5643345
7 321 645 1.7280002 -0.2185033
5 371 260 1.44 0.66436213
5 150 1644 1.44 -0.6937046
1 995 779 1.7280002 -0.25460947
9 80 1416 1.44 -0.62120485
3 955 1552 1.7280002 0.106986165
3 34 887 1.44 0.1278556
0 946 1260 1.44 -0.35248518
9 145 1246 1.44 -0.3511983
1 715 321 1.44 -0.078044534
5 349 378 1.7280002 -0.34023806
1 150 1575 1.44 -0.23341966
7 782 155 1.44 0.06327307
1 317 1576 1.7280002 0.37420815
8 129 390 1.44 -0.64871687
9 228 198 1.44 0.37151092
9 221 1045 1.7280002 -0.35437307
0 428 395 1.7280002 0.17584896
5 253 388 1.7280002 -0.7020793
9 115 313 1.44 -0.58229476
0 1053 1573 1.44 0.42787856
4 821 1433 1.7280002 0.6295101
3 726 1292 0.972 0.6155248
3 319 1405 0.9 0.7725168
6 915 1154 1.7280002 0.12436581
3 424 948 0.9 0.24970573
9 682 626 0.87479997 -0.12318051
1 593 1789 1.7280002 -0.43976226
5 736 1798 1.44 0.6218299
2 727 1643 1.44 -0.5738502
0 997 875 1.44 0.47538263
3 364 1726 1.44 0.050826013
9 428 461 1.44 -0.43134785
3 145 1104 1.7280002 0.10724437
6 772 1213 1.296 0.5991542
0 48 775 1.7280002 -0.24343526
3 811 1028 1.7280002 0.74650055
1 263 62 1.44 0.7045738
7 75 1328 1.7280002 0.39050883
7 86 825 1.7280002 -0.4463139
2 362 126 1.7280002 -0.36012605
3 924 1601 1.44 0.12032145
8 264 856 1.44 0.21130222
6 743 551 1.44 0.6625357
6 711 412 1.44 0.3701319
3 342 1682 1.44 0.37476355
9 719 751 1.44 0.50839037
9 961 1618 1.44 0.23615903
8 148 1660 1.44 0.23547322
0 121 1083 1.7280002 -0.69661725
6 364 1784 1.7280002 0.08967495
7 825 1125 1.44 0.19506586
9 302 1829 1.7280002 -0.5868089
1 210 1746 1.44 0.3092857
9 532 1725 1.7280002 -0.5046267
8 790 1320 1.7280002 0.24798673
1 246 1651 1.44 0.16655314
2 781 981 1.7280002 0.06446952
8 236 1841 1.7280002 -0.26950544
2 838 1003 1.44 0.63165814
5 145 1038 1.7280002 -0.48189506
9 274 1316 1.44 -0.6458345
2 927 1045 1.7280002 0.49675816
4 189 784 1.44 0.7650197
4 772 1810 1.7280002 -0.14377922
5 979 1097 1.7280002 0.53773683
2 531 237 1.44 0.14123952
0 254 188 1.44 -0.44915003
7 258 1127 1.7280002 -0.35727915
4 794 1412 1.44 0.21715075
0 254 1329 1.7280002 0.107507646
8 473 1644 1.44 0.19557178
2 104 410 1.7280002 -0.4024036
4 890 1590 1.44 -0.3714885
6 119 1395 1.7280002 -0.7127435
0 297 1110 1.44 -0.59613097
1 1003 1671 1.7280002 0.39280552
7 407 394 1.44 -0.20931983
3 513 1685 1.44 -0.34679455
9 278 914 1.44 -0.13725293
6 638 1088 1.1664 -0.5847657
2 466 516 1.08 -0.74938047
9 816 1618 1.44 -0.42737517
3 240 1275 1.7280002 -0.32034397
5 319 886 1.44 -0.66752464
7 838 1678 1.44 0.33397645
5 844 1266 1.44 0.45411474
2 185 558 1.44 0.3925212
3 82 191 1.44 -0.06439537
5 281 1333 1.296 0.07834947
2 68 650 1.7280002 -0.29130092
9 84 1281 1.44 0.014936388
1 959 1449 1.7280002 0.08692521
0 568 1592 1.7280002 -0.46852282
8 137 441 1.44 0.64655405
7 355 1530 1.08 -0.18876308
3 428 314 1.44 0.73223287
0 593 160 1.7280002 0.5725773
3 854 264 1.7280002 -0.61206883
5 896 1243 1.7280002 0.74896675
4 905 345 1.7280002 -0.6012099
8 939 931 1.7280002 -0.65658706
7 316 1618 1.44 0.11690247
0 46 1478 1.7280002 0.75035375
7 765 1504 1.08 -0.62077826
5 923 1455 1.7280002 0.342485
6 831 1329 1.5552001 0.24402553
7 144 343 1.44 0.23848003
1 790 1794 1.44 0.31405085
5 830 74 1.44 0.7379225
4 46 55 1.44 0.542901
9 74 413 1.44 -0.3606706
3 649 253 1.44 -0.22753847
6 805 1412 1.44 0.23028368
8 240 1189 1.44 -0.016301334
1 245 1751 1.44 -0.33985335
8 541 304 1.44 -0.62831867
5 536 216 1.7280002 0.5204132
8 194 123 1.44 -0.0034733415
6 762 170 1.44 0.34781355
2 789 1045 1.44 0.27164668
5 683 1009 1.7280002 0.32137495
5 265 1098 1.44 -0.72114044
8 505 1570 1.44 -0.21456313
5 112 826 1.44 -0.74374825
7 110 843 1.44 -0.02065444
8 299 1412 1.44 -0.53465414
0 943 278 1.44 -0.28793046
3 101 728 1.44 -0.17491865
9 386 422 1.44 -0.57109255
3 290 1060 1.7280002 0.0428015
5 370 543 1.296 0.20636618
8 374 437 1.44 0.002572775
1 444 1769 1.7280002 -0.24889916
0 366 571 1.296 -0.60207933
7 922 300 1.44 0.6486283
7 794 382 1.7280002 -0.44346625
4 379 1804 1.44 0.64232534
0 234 1673 1.44 -0.5207232
8 117 581 1.44 -0.17003244
3 313 812 1.7280002 0.4649226
4 178 865 1.44 -0.64574707
4 341 1609 1.7280002 0.4975081
8 955 245 1.44 0.6248016
5 1029 1763 1.44 -0.74992883
7 462 111 1.44 -0.71008295
4 566 315 1.39968 0.62591356
9 136 1186 1.44 -0.47679925
5 947 1220 1.44 0.16882926
7 726 1167 1.296 0.17101932
8 408 1026 1.08 0.21850187
1 670 273 1.7280002 0.5257719
5 566 1888 1.7280002 -0.041670263
9 115 816 1.7280002 -0.32781014
9 893 643 1.44 0.6173317
7 416 368 1.44 -0.38175347
9 779 1385 1.44 -0.3867508
1 339 1740 1.7280002 0.58058006
2 460 296 1.7280002 -0.074180365
0 54 446 1.44 0.7785527
2 342 1583 1.44 0.7335622
3 348 1118 1.44 0.21059483
7 308 1579 1.44 0.018490255
0 497 1749 1.44 -0.46599856
2 224 161 1.7280002 -0.38500065
8 816 686 1.7280002 0.7314176
2 938 1607 1.7280002 -0.62728
3 317 941 1.44 -0.38789025
9 140 1500 1.44 0.27877194
4 68 1026 1.7280002 -0.08404666
3 524 241 1.7280002 0.40646213
4 837 664 1.7280002 0.13434148
9 183 339 1.44 0.45227247
7 818 971 1.44 -0.33861184
3 470 302 1.44 -0.06890899
8 54 1532 1.44 -0.31005418
9 764 663 1.44 -0.35767612
5 565 1764 1.44 -0.42830527
9 704 1124 1.1664 0.5326577
4 687 1003 1.44 -0.63860255
3 861 498 1.44 0.044425547
6 496 1673 1.44 -0.21125889
2 242 1543 1.7280002 -0.729241
3 962 1640 1.44 -0.27466542
2 772 1075 1.44 0.40465766
3 61 1176 1.44 0.16893828
2 606 75 1.44 0.27370757
4 759 1878 1.44 0.08349955
0 65 1533 1.44 0.7230975
2 968 87 1.7280002 0.05959773
6 780 904 1.44 0.115258634
1 372 260 1.7280002 -0.54108655
1 240 1656 1.44 -0.68934464
8 648 987 1.44 0.7724146
1 79 842 1.44 -0.23215991
2 70 682 1.44 -0.43177497
5 906 1502 1.44 0.27631634
0 765 1768 1.44 0.13414925
8 302 1787 1.7280002 0.4993078
9 1020 1740 1.44 -0.3616093
1 740 613 1.08 0.2646919
5 206 1129 1.7280002 0.66321176
6 382 638 0.80999994 -0.35815054
7 269 112 1.44 -0.21721846
1 346 583 1.7280002 0.0077242255
0 579 1571 1.44 0.18936825
0 278 1347 1.7280002 0.74682635
5 598 218 1.7280002 -0.012881517
4 922 1587 1.7280002 -0.6553128
0 844 1099 1.44 -0.21943235
8 237 806 1.44 0.044573545
4 144 1690 1.44 0.065175
8 438 885 0.9 -0.18810737
2 100 1159 1.44 0.59317154
6 886 391 1.7280002 -0.71075296
9 1027 786 1.44 0.085877
1 80 1130 1.7280002 0.05726391
7 188 400 1.44 -0.52443737
6 166 1307 1.7280002 0.08487207
2 1001 1583 1.44 0.045755744
4 602 397 1.296 0.36324197
1 628 393 1.44 0.6042355
1 867 353 1.44 0.7261134
5 656 355 1.44 0.62111264
1 477 50 1.44 0.25359434
6 859 1794 1.7280002 0.47800118
8 76 828 1.44 -0.13179314
5 863 324 1.44 0.41271514
5 268 901 1.7280002 -0.008080006
3 668 1649 1.44 0.052158415
3 817 535 1.44 0.67254907
9 478 150 1.44 -0.05401188
3 555 233 1.44 -0.064327
2 580 99 1.44 -0.76868534
0 550 1765 1.44 -0.41025794
6 87 728 1.7280002 -0.3549587
0 560 1718 1.44 -0.030312061
2 440 1799 1.44 0.5843864
1 530 1744 1.7280002 0.56800634
8 257 1212 1.44 -0.40391305
2 140 210 1.7280002 -0.68466467
6 955 389 1.7280002 -0.68725187
6 763 573 1.7280002 -0.71667653
0 846 778 1.44 0.69696015
1 302 922 1.7280002 0.72921926
1 280 1063 1.7280002 0.71051186
2 607 1131 0.972 0.5030742
8 901 332 1.7280002 -0.09926045
9 884 93 1.44 -0.33089185
2 848 415 1.44 -0.37670147
7 172 1605 1.44 0.25387198
0 429 1516 1.1664 -0.7549655
1 172 465 1.7280002 0.17094016
6 682 392 1.44 -0.061466455
6 838 438 1.7280002 -0.16044116
2 700 998 1.7280002 0.3722151
7 264 652 1.7280002 0.745689
4 645 1552 1.7280002 -0.21943021
0 187 546 1.44 -0.37046236
9 174 1274 1.7280002 0.40074843
6 845 1227 1.44 0.7636555
5 1011 1830 1.44 0.23267871
9 427 1718 1.7280002 -0.69055766
7 98 1021 1.44 0.7802014
9 156 1004 1.7280002 -0.047219694
4 653 1643 1.44 0.33766717
6 713 284 1.7280002 0.11754781
6 315 377 1.44 -0.18929166
3 480 1844 1.44 -0.52583605
2 770 1018 1.44 -0.4098148
9 990 1460 1.44 0.20834821
1 313 904 1.44 0.6619689
6 331 1216 0.80999994 0.7107572
9 913 1255 1.44 0.3651845
6 102 951 1.44 -0.74972105
1 985 1590 1.44 0.72854286
3 959 768 1.44 0.49969524
9 675 1663 1.7280002 0.69976276
5 547 322 1.7280002 0.5437806
8 373 687 0.972 -0.70784795
1 695 1743 1.7280002 0.61013275
4 961 946 1.7280002 0.7669442
1 285 1305 1.44 0.23986405
6 129 1337 1.44 -0.033738196
8 599 1535 1.39968 -0.54612136
9 707 880 1.44 0.16195613
2 749 929 1.7280002 0.4676953
2 203 1715 1.44 -0.526626
7 850 1196 1.7280002 -0.37142783
8 989 1543 1.44 0.19807357
0 141 321 1.44 -0.7606886
4 860 1654 1.7280002 -0.33629665
3 353 923 1.44 -0.28680843
1 323 1753 1.7280002 -0.30560768
0 286 998 1.7280002 0.63186747
5 804 334 1.7280002 0.5314521
8 639 330 1.7280002 0.19283861
3 992 410 1.44 0.13169044
8 1039 1498 1.44 0.20083183
3 594 1645 1.7280002 -0.44003594
0 834 1476 1.7280002 -0.47712395
0 742 565 1.44 -0.07508099
4 339 775 1.44 -0.106042445
9 966 1347 1.44 -0.1796999
0 923 937 1.7280002 0.06512809
7 820 606 1.7280002 -0.4224664
5 97 1733 1.7280002 0.26083583
8 102 234 1.7280002 -0.030854344
2 682 988 1.296 -0.07047182
3 675 869 1.08 0.0060042143
6 1011 1636 1.44 -0.5238224
2 178 1705 1.7280002 0.23603135
5 207 414 1.44 0.43635112
2 457 1774 1.7280002 -0.5912602
1 909 565 1.7280002 -0.421184
1 973 1536 1.44 0.29628938
1 418 255 1.7280002 -0.24826491
6 857 1390 1.44 0.3698668
9 474 1748 1.44 -0.7169787
0 145 1309 1.7280002 -0.39788535
3 340 1558 1.44 0.73250276
3 67 908 1.44 0.6286289
7 202 625 1.7280002 -0.6955919
9 111 1312 1.7280002 0.73307663
9 1045 259 1.44 -0.2470755
4 606 407 1.5552001 -0.054412007
9 192 1264 1.7280002 0.5746327
7 557 1562 0.9 0.58586854
9 710 807 1.44 -0.045691907
4 498 64 1.44 0.6362737
0 140 1891 1.44 0.10854161
0 132 1564 1.44 0.17308468
6 117 1404 1.44 0.7572214
8 148 1585 1.44 -0.5104464
1 961 1466 1.44 0.512036
9 848 400 1.44 -0.35835248
3 991 980 1.44 -0.14986974
8 228 464 1.44 -0.70976835
6 286 1461 1.44 -0.08676672
9 861 99 1.44 -0.44552255
1 843 1228 1.7280002 0.37231547
8 622 80 1.44 -0.1709044
6 990 1026 1.7280002 0.63991874
6 254 244 1.44 0.5935442
5 315 1577 1.7280002 -0.14985907
4 76 1677 1.7280002 -0.34502068
7 287 1205 1.44 0.1275729
2 515 1680 1.7280002 0.48637718
3 802 807 1.44 -0.6088373
7 749 666 1.44 -0.0783245
6 945 1440 1.44 0.31104845
6 547 187 1.44 0.4748016
2 159 897 1.44 0.1409195
0 299 400 1.44 0.71184355
8 250 598 1.7280002 0.72563
3 517 228 1.7280002 -0.1365403
6 739 811 1.44 0.74542266
3 513 187 1.44 -0.4902754
6 460 315 1.44 -0.66063577
0 264 1704 1.7280002 0.16676795
1 935 125 1.7280002 0.19511312
9 957 1237 1.7280002 0.5537208
0 253 180 1.44 -0.48337606
3 193 1217 1.7280002 0.01001066
7 557 1701 1.44 0.30583662
5 484 1494 1.08 -0.5740336
4 469 372 1.296 0.18265617
2 909 573 1.44 -0.08499211
9 242 1446 1.44 0.1673336
2 208 1228 1.44 0.4172699
9 382 569 1.44 0.55656093
9 932 1192 1.7280002 -0.16992557
1 48 503 1.7280002 -0.24453223
9 206 668 1.7280002 -0.57891536
2 252 153 1.44 -0.3200126
6 953 145 1.44 -0.5272565
1 114 247 1.44 0.6693087
9 36 1233 1.44 0.2066698
8 40 1770 1.44 0.57403463
6 309 1360 1.44 -0.06172645
5 242 786 1.44 -0.60911703
0 342 355 1.7280002 0.35210782
3 509 1561 1.44 0.10934615
5 807 1713 1.44 0.35732216
1 956 204 1.44 -0.5214107
1 658 180 1.44 0.7343504
8 440 434 1.44 -0.7086887
8 682 1112 1.44 0.6572315
4 675 222 1.44 -0.7831653
9 82 501 1.44 -0.6607757
4 575 1760 1.44 -0.1931932
7 905 1744 1.44 -0.0113274455
9 777 300 1.44 -0.25982702
7 774 635 1.44 -0.04834783
5 386 1831 1.44 -0.06336987
3 966 1773 1.7280002 0.27842277
0 360 1019 1.7280002 -0.42635763
8 316 651 1.44 0.3548084
4 1006 900 1.44 -0.6636496
8 984 139 1.44 0.13355577
6 551 285 1.7280002 -0.67917204
2 317 966 1.7280002 -0.43998483
4 329 1501 1.44 0.633256
0 54 116 1.44 0.0017357469
1 644 147 1.44 0.06067556
4 873 715 1.44 0.059324563
7 1052 1868 1.44 0.5768631
9 665 1665 1.44 -0.5586629
4 753 778 1.296 -0.7641612
6 676 228 1.7280002 -0.5343785
5 519 152 1.7280002 -0.3858897
8 167 57 1.44 0.597506
9 941 641 1.44 0.20605975
4 945 340 1.44 0.30843204
5 818 1217 1.7280002 -0.33591896
9 596 1653 1.44 0.6879483
0 871 448 1.44 -0.4588344
8 788 106 1.44 -0.13698238
9 620 347 1.44 -0.04993546
3 931 1582 1.44 -0.44309604
1 189 1532 1.44 0.094658256
5 265 278 1.7280002 -0.6189749
0 504 1624 1.7280002 0.6113706
5 809 866 1.44 0.23108107
7 903 1564 1.44 -0.7206739
4 173 714 1.44 -0.5202473
1 258 1339 1.1664 0.5097833
2 570 280 1.44 -0.6201984
1 797 1635 1.7280002 0.17147487
7 652 525 1.7280002 0.49380285
7 120 382 1.44 -0.57843125
8 400 969 1.296 -0.7266883
9 973 1448 1.44 -0.26099235
3 750 416 1.7280002 -0.3617545
3 384 858 1.296 0.007111907
3 638 1810 1.44 -0.19547766
6 535 1771 1.44 -0.3145553
2 799 1671 1.44 -0.43806434
4 194 1492 1.7280002 0.2864067
3 759 1324 1.296 -0.6943164
0 190 675 1.44 0.13667941
7 842 1305 1.7280002 -0.6555283
8 832 1177 1.7280002 0.006260097
0 407 254 1.44 0.41174275
5 1014 473 1.44 -0.67195094
6 297 1325 1.44 0.3092981
7 877 823 1.44 -0.2761984
6 532 385 1.44 -0.047654808
3 378 1686 1.44 -0.5276161
4 351 989 1.7280002 0.40468162
4 262 631 1.7280002 -0.6686838
6 366 207 1.7280002 0.057658076
0 832 1118 1.44 0.61642474
2 155 1051 1.7280002 0.27437824
6 331 1539 1.296 0.37209123
9 924 1793 1.44 -0.7798568
1 297 1028 1.7280002 -0.6538232
3 861 513 1.7280002 0.7409
6 961 40 1.44 0.33758122
5 998 83 1.7280002 0.0880205
0 19 27 1.44 -0.67426574
6 365 1819 1.7280002 0.20516723
8 313 1667 1.44 0.78467673
2 657 1571 1.1664 -0.046328187
3 282 251 1.7280002 0.34292346
2 131 1178 1.44 -0.104414165
2 872 1691 1.7280002 0.38471204
7 862 482 1.7280002 -0.31372613
8 307 754 1.7280002 0.18816084
0 330 968 1.44 0.351057
5 230 1709 1.44 0.72185665
8 649 1705 1.44 -0.22826731
2 806 1028 1.44 0.28489703
0 139 1404 1.44 0.42353553
2 605 295 1.44 0.40926856
9 610 180 1.7280002 -0.020183682
7 202 263 1.7280002 0.6868095
8 781 1471 0.972 -0.27695388
9 365 326 1.7280002 -0.5857498
0 429 1747 1.44 -0.5680481
7 301 1089 1.44 0.53662735
4 1017 1572 1.7280002 0.73208004
8 299 617 1.44 -0.65291744
8 421 885 0.9 0.5433131
6 84 1625 1.7280002 -0.6906254
4 926 1395 1.7280002 0.701325
5 803 1532 1.44 -0.3572781
9 855 356 1.7280002 -0.68504876
7 968 435 1.7280002 0.16754639
5 285 586 1.44 0.20596808
0 1052 77 1.7280002 -0.56916326
4 131 348 1.7280002 0.5903663
1 310 462 1.7280002 -0.38720265
6 715 274 1.44 0.64955693
0 410 1711 1.44 0.4171974
2 979 95 1.44 0.112084925
1 406 386 1.296 -0.5799469
7 350 140 1.44 0.15631092
7 954 303 1.7280002 0.35341972
8 126 1442 1.7280002 -0.25714523
8 409 307 1.7280002 -0.71167094
8 34 285 1.44 -0.076901555
4 759 187 1.44 -0.45066735
7 60 778 1.7280002 0.23205608
4 468 515 1.08 0.7615604
1 496 364 1.7280002 0.768416
5 276 1319 1.44 0.12389153
2 205 905 1.7280002 0.77354485
9 865 1098 1.44 -0.37586454
3 799 1506 1.7280002 0.50738364
6 349 1347 0.80999994 0.042675614
0 88 1040 1.44 0.4797464
1 354 1054 1.44 0.13444191
5 186 417 1.7280002 -0.049779594
7 710 523 1.44 0.114008665
2 303 261 1.44 -0.15338218
7 546 1613 1.44 0.12723053
0 726 1033 1.44 0.37668175
8 102 1352 1.7280002 -0.4221271
0 162 853 1.7280002 -0.051260293
0 129 1406 1.44 0.012311459
9 185 1776 1.44 -0.17236239
5 475 453 1.1664 0.43690568
2 651 775 0.9 -0.49964446
1 1010 1264 1.7280002 0.5826966
7 338 1758 1.7280002 -0.3796332
3 475 132 1.44 0.44945675
5 186 1597 1.7280002 -0.31116515
3 617 1532 0.9 0.49122363
1 141 919 1.44 0.6224535
6 55 583 1.7280002 0.25226682
2 609 198 1.44 0.3360557
5 324 940 1.7280002 -0.030573606
3 364 731 1.1664 0.7849893
4 214 1336 1.5552001 0.7131285
7 1022 1544 1.44 0.21196866
9 735 765 1.44 -0.37641495
5 1054 1078 1.44 0.7454551
5 758 1783 1.44 -0.77402234
4 686 710 1.44 -0.046196103
4 769 1800 1.44 0.7006548
9 1045 1011 1.7280002 -0.3470992
3 782 837 1.7280002 -0.5477035
9 212 1783 1.7280002 -0.25353873
6 287 806 1.7280002 -0.5298737
3 792 948 1.44 0.41357988
0 792 663 1.7280002 -0.010593891
5 478 1641 1.44 -0.2275402
6 118 41 1.44 -0.68525493
1 462 214 1.7280002 0.12572622
7 925 638 1.44 -0.6899473
5 693 1037 1.5552001 -0.31943333
8 1031 1283 1.44 -0.26902115
7 336 92 1.7280002 0.6340342
1 851 73 1.7280002 -0.24185157
7 839 1688 1.44 0.09041357
9 48 1543 1.44 0.35388178
0 246 1369 1.44 0.6067063
2 578 108 1.44 -0.5330243
1 450 1648 1.44 -0.2793302
9 405 1543 0.972 -0.64222807
6 635 436 1.296 0.5395308
7 719 41 1.44 0.33668488
8 348 1798 1.44 0.6318014
2 386 1597 1.5552001 0.2352193
8 1044 259 1.7280002 -0.7542507
7 757 682 1.44 -0.08485907
9 29 296 1.7280002 0.6835324
4 328 251 1.44 0.6018025
0 244 405 1.7280002 -0.4991004
9 631 365 1.7280002 0.23491353
7 192 1756 1.44 -0.5845921
9 686 1161 1.7280002 -0.2739051
1 110 648 1.44 0.3842259
0 735 1759 1.44 0.7165658
4 97 1341 1.44 -0.38768473
8 889 1717 1.44 -0.0066590905
2 78 481 1.7280002 0.35268432
5 551 1806 1.44 -0.7102085
4 793 1450 0.9 -0.22680867
4 801 1440 0.80999994 0.19410664
2 789 1574 1.44 -0.48245963
5 431 1116 1.7280002 0.6160733
9 100 372 1.44 -0.15059787
1 651 433 1.1664 -0.17470634
5 118 839 1.44 0.53520435
8 576 315 1.44 0.37300986
7 339 434 1.44 -0.09033978
1 470 1637 1.7280002 0.3024636
4 356 1157 0.972 -0.60774744
8 998 737 1.44 -0.26299113
2 280 511 1.44 -0.42639723
8 442 400 1.44 -0.37275875
3 968 1033 1.7280002 0.5368082
8 424 284 1.7280002 0.15070522
4 316 1514 1.44 0.7331237
7 505 301 1.44 0.6031969
7 795 1194 1.44 0.07352489
6 209 310 1.44 -0.2713632
3 762 1614 1.7280002 0.73186773
4 672 869 1.1664 0.34133953
3 629 1540 1.44 0.33065742
9 699 482 1.44 0.419882
3 277 610 1.44 -0.3367395
2 274 971 1.7280002 -0.50594795
2 120 498 1.44 -0.11459458
7 993 1246 1.44 0.35150498
1 703 1816 1.7280002 0.69454044
3 703 1084 1.44 0.6754084
4 678 258 1.7280002 0.28414828
0 716 884 1.7280002 0.2303446
3 300 532 1.44 -0.501759
8 88 1463 1.44 0.3528406
8 451 1887 1.44 -0.6882521
9 113 1024 1.44 -0.42143297
6 994 1079 1.44 -0.33239886
9 68 1232 1.44 0.2765749
0 179 112 1.44 -0.06179458
3 201 546 1.7280002 0.06923437
5 302 435 1.7280002 0.42590648
0 157 934 1.44 0.7835707
3 136 735 1.44 -0.17965639
4 580 1639 1.44 0.38380367
1 602 255 1.44 -0.5306839
2 945 635 1.44 0.36461467
7 741 983 1.44 -0.11206591
2 162 596 1.44 -0.33308873
4 775 757 1.44 0.54339796
8 85 1147 1.44 0.6653674
9 487 427 1.7280002 0.111328125
2 803 838 1.44 -0.7242676
7 813 1579 1.44 0.24789733
3 731 1303 0.9 0.50401706
8 141 1823 1.44 -0.1622091
3 107 249 1.7280002 -0.5895362
0 688 398 1.44 0.70453864
7 695 804 1.7280002 0.632484
5 235 294 1.7280002 0.19400972
2 836 1095 1.7280002 0.027998805
2 963 1683 1.7280002 0.7244187
5 118 615 1.44 -0.5721313
9 943 924 1.44 -0.029171288
6 301 771 1.7280002 -0.37370148
6 754 544 1.5552001 -0.5868862
0 903 670 1.44 0.7481932
5 573 85 1.44 0.64608425
6 93 1030 1.44 -0.7014493
1 227 807 1.44 -0.11436099
3 251 778 1.7280002 0.29781085
6 391 91 1.7280002 -0.5604383
2 1024 1426 1.7280002 -0.24734628
2 959 193 1.44 -0.4329378
5 182 1647 1.44 0.25830144
3 637 219 1.7280002 -0.6832735
4 119 278 1.44 0.08560717
6 1008 1202 1.44 0.16222781
9 456 1588 1.7280002 -0.53333414
5 745 892 1.44 -0.52516687
6 54 1263 1.7280002 -0.40363955
9 240 1237 1.7280002 -0.17264158
4 288 1798 1.44 0.354433
2 909 446 1.44 -0.0027294755
6 755 1607 1.7280002 0.08020455
1 304 168 1.44 0.18843931
4 249 273 1.7280002 -0.5740318
8 366 294 1.44 0.051514566
1 330 607 1.1664 0.1723386
4 100 152 1.44 0.20895004
3 661 262 1.44 -0.39185113
6 223 1178 1.44 0.013501942
2 292 194 1.7280002 -0.49710387
3 968 215 1.7280002 0.39824957
9 292 548 1.44 0.4986772
4 259 1756 1.7280002 0.5607113
6 696 258 1.7280002 0.5008742
5 765 450 1.44 0.38498968
9 279 1333 1.5552001 0.43021387
4 276 1049 1.7280002 0.039128006
8 915 1085 1.44 0.57792526
5 939 377 1.44 -0.70128876
4 673 1521 0.80999994 0.4191411
5 794 1371 1.5552001 -0.25413525
4 372 436 1.7280002 0.669095
3 112 973 1.44 -0.6506352
3 224 334 1.44 0.52166027
2 112 673 1.44 -0.7423513
6 766 1770 1.7280002 -0.29912072
7 1042 238 1.7280002 -0.6328638
8 267 1408 1.08 0.618305
4 167 1309 1.7280002 0.383794
9 735 959 1.7280002 -0.78535074
0 1020 1097 1.44 0.5754548
6 380 565 1.44 0.32652384
3 954 1404 1.7280002 -0.17722929
1 939 988 1.44 0.008706331
8 874 1717 1.7280002 -0.5915688
4 277 1076 1.44 -0.17592555
9 1006 862 1.7280002 0.43977374
7 935 501 1.7280002 -0.6998527
2 1035 677 1.44 -0.4056797
8 681 127 1.44 -0.0037778616
4 296 725 1.44 -0.031189442
2 202 1688 1.44 -0.336347
7 789 682 1.44 -0.2674511
8 894 1287 1.7280002 0.31443697
5 572 259 1.44 -0.1940245
9 778 1496 1.08 -0.23448521
2 105 1849 1.7280002 0.2727583
7 805 1812 1.7280002 -0.013989031
7 954 1207 1.7280002 -0.67420506
7 88 1534 1.44 -0.31669158
3 188 65 1.44 -0.27486563
2 298 1508 1.296 0.124304295
1 434 334 1.44 -0.54246604
2 739 946 1.44 0.034718513
5 736 316 1.7280002 -0.49395803
8 100 1127 1.7280002 0.37293237
7 939 373 1.7280002 -0.30695748
3 993 1533 1.44 0.05208981
7 940 1351 1.7280002 0.5119063
2 152 1680 1.7280002 0.7397155
0 878 546 1.7280002 -0.20625085
1 358 698 1.44 -0.5883793
5 815 201 1.44 0.31803542
6 892 557 1.44 -0.4728611
2 629 1148 0.972 0.37589496
4 525 162 1.7280002 -0.27358282
7 908 1481 1.44 -0.5335588
2 849 451 1.44 -0.7389468
1 87 975 1.44 0.5929192
5 235 933 1.44 -0.22320771
0 305 1442 0.972 0.0924744
5 1011 340 1.7280002 -0.05704105
1 298 700 1.7280002 -0.18012863
4 696 754 1.08 0.48827058
5 859 1268 1.7280002 -0.32332167
2 330 171 1.7280002 -0.6838602
6 915 1631 1.44 -0.71539783
0 510 1610 1.39968 0.1867336
4 109 771 1.44 -0.47135925
8 958 541 1.44 -0.20958275
2 606 368 1.296 0.4506275
3 780 832 1.44 0.60655576
3 450 1095 0.972 -0.3784566
3 484 1626 1.44 -0.6892718
6 304 680 1.44 0.41932577
7 319 831 1.44 -0.27308565
3 269 533 1.44 0.23668331
1 772 652 1.7280002 -0.23435086
9 173 344 1.7280002 -0.45461297
4 1002 157 1.7280002 -0.18379992
0 962 1182 1.44 -0.7772271
5 740 1197 1.44 -0.08338314
4 137 1467 1.44 0.13434118
2 960 1594 1.44 0.44064087
1 173 854 1.7280002 0.13396388
7 294 372 1.44 -0.5636326
2 677 1690 1.44 -0.53608006
5 970 962 1.7280002 -0.56580526
7 657 463 1.5552001 0.026279807
0 821 1120 1.7280002 0.37704986
2 471 270 1.44 0.036648154
6 561 397 0.80999994 0.26509982
3 665 895 0.972 -0.09354621
4 898 831 1.44 0.77007514
9 758 339 1.7280002 -0.5927737
7 806 44 1.44 0.070717394
8 530 1653 1.44 -0.4120304
7 314 176 1.44 0.7796019
3 936 49 1.44 0.069571614
9 842 1563 1.7280002 -0.6689712
4 214 1280 1.7280002 0.08660871
1 313 506 1.44 -0.3797093
9 302 1166 1.7280002 -0.1844672
2 438 1763 1.7280002 0.2161197
2 747 1181 1.44 -0.26289535
4 289 249 1.7280002 0.06911272
2 901 1494 1.44 -0.52384734
6 985 1612 1.44 -0.19153714
2 209 522 1.44 0.17653024
5 1029 1198 1.7280002 0.16039294
3 996 1040 1.7280002 -0.5172562
8 53 422 1.7280002 -0.59090805
7 150 966 1.44 -0.50425565
2 659 153 1.44 -0.08098686
1 398 259 1.44 0.002270937
2 522 238 1.7280002 -0.41341093
3 863 1460 1.44 0.6416457
2 147 1825 1.44 0.12776905
2 251 104 1.44 0.039191246
8 325 544 1.44 0.70381767
5 753 1012 1.44 0.24312752
8 513 1820 1.44 -0.2572443
6 579 180 1.44 0.40858954
4 923 612 1.7280002 -0.64260435
5 978 662 1.44 0.68513924
5 721 276 1.44 -0.65187603
1 740 861 1.44 0.696565
5 645 428 1.5552001 -0.72725654
6 1015 1290 1.44 -0.52389574
3 782 627 1.44 0.26155502
4 899 773 1.44 -0.60584974
1 406 946 0.9 -0.43481278
0 244 1182 1.7280002 -0.244062
7 701 1496 1.44 0.6021772
9 252 256 1.7280002 0.42272872
7 99 718 1.7280002 -0.5725974
5 926 590 1.7280002 -0.0115997195
8 804 443 1.7280002 0.059445977
8 207 1525 1.44 0.45001155
1 265 721 1.44 0.5494152
2 905 235 1.7280002 0.07710296
3 414 577 1.44 -0.018314898
0 741 307 1.7280002 -0.29928225
4 812 96 1.44 -0.6750198
3 275 1358 1.5552001 0.04797268
0 865 481 1.44 0.3964122
2 651 314 1.44 0.64353114
9 178 1647 1.44 0.7542303
9 209 1168 1.7280002 -0.13927639
1 965 898 1.7280002 -0.22175825
4 178 1512 1.7280002 0.18405801
6 340 1650 1.44 -0.6785239
5 1010 1332 1.7280002 0.61993915
7 145 1078 1.44 -0.43902665
9 1005 1735 1.44 -0.65594685
8 373 1600 1.296 0.46321088
6 436 1776 1.44 0.08509326
3 601 1631 1.7280002 -0.5288534
8 279 285 1.44 0.7836868
9 965 476 1.7280002 -0.046112955
5 224 995 1.44 -0.34853414
0 376 818 1.1664 0.74065024
9 545 92 1.7280002 0.25001258
0 171 842 1.44 0.014742374
8 790 1178 1.7280002 -0.20691186
5 500 293 1.7280002 -0.5778792
2 73 67 1.44 -0.4443348
9 1018 1764 1.44 0.12673616
5 889 101 1.44 -0.4298998
9 905 1074 1.44 -0.2738285
6 391 144 1.44 0.45204324
4 306 1663 1.44 -0.32048637
4 248 1348 1.44 -0.6408894
8 221 696 1.44 -0.34774035
9 266 1663 1.44 0.07192999
6 112 1383 1.44 0.27291185
3 84 1415 1.44 -0.28238797
7 465 1792 1.44 -0.65880036
2 1034 377 1.7280002 0.3350597
4 183 840 1.44 -0.5321064
5 586 1720 1.44 0.51204294
0 628 1768 1.44 -0.6992897
9 718 915 1.44 -0.5379875
7 708 861 1.296 -0.27926344
9 344 759 1.44 0.36356586
1 172 1126 1.44 -0.77603376
3 88 1020 1.7280002 -0.03495723
2 235 1546 1.44 0.24374217
3 969 1246 1.7280002 -0.5225832
9 166 1433 1.44 -0.3805172
0 980 387 1.7280002 0.11510271
3 775 1817 1.44 0.7782355
6 465 1118 0.972 0.082415044
2 118 1792 1.44 -0.66713053
0 768 901 1.44 -0.018110335
6 840 1816 1.44 -0.7027414
6 413 1512 1.296 0.593764
4 472 1796 1.44 -0.2629466
8 906 238 1.7280002 -0.07868606
4 929 1497 1.44 -0.54939187
5 215 1090 1.7280002 0.43833727
9 57 835 1.7280002 0.5459427
7 71 1152 1.44 0.24044043
8 323 1295 1.44 0.19763803
8 360 1556 1.44 -0.7745692
7 584 305 1.44 0.77623814
0 725 1650 1.44 -0.5008737
7 227 1757 1.7280002 -0.5909856
0 771 734 1.7280002 0.028570414
0 297 1549 1.44 0.1413616
0 886 1493 1.44 -0.20874667
9 130 1380 1.7280002 -0.7372524
9 920 1533 1.7280002 -0.64999264
7 920 847 1.44 -0.4025578
4 123 567 1.44 0.44400162
0 744 1127 1.44 -0.26594037
0 928 806 1.7280002 -0.35128713
9 761 1611 1.44 0.21258867
6 328 933 1.44 -0.679003
4 727 814 1.44 -0.45133922
5 702 824 1.44 0.6370279
8 895 1701 1.44 -0.6041254
1 947 908 1.7280002 0.7009153
0 159 345 1.7280002 -0.73725325
8 128 1730 1.44 -0.31395486
5 418 526 1.44 -0.53747004
4 479 1646 1.44 0.2628128
2 430 1549 1.08 -0.46727926
5 885 1823 1.44 0.38265008
0 304 1705 1.44 -0.082417846
9 894 82 1.7280002 0.32083863
2 183 831 1.7280002 0.114355564
6 584 1786 1.44 -0.5579913
1 308 847 1.7280002 0.008774817
1 946 255 1.44 -0.27059424
0 48 237 1.44 0.32500607
7 1032 1032 1.7280002 0.6680549
6 174 1614 1.44 -0.23144114
2 486 279 1.44 0.7603473
0 203 752 1.44 -0.4599407
0 945 750 1.7280002 -0.3111162
8 552 1690 1.44 -0.45393783
0 970 1056 1.44 0.70830554
8 787 1069 1.7280002 0.22979373
5 641 1510 1.5552001 -0.69210494
7 718 1599 1.7280002 -0.61328757
2 778 874 1.7280002 0.07943648
7 529 1488 0.80999994 0.32104653
9 615 1845 1.44 0.107797146
6 594 1815 1.7280002 0.20886219
0 126 911 1.7280002 0.55265754
5 688 1113 0.9 0.19837284
7 247 1519 1.7280002 -0.32060584
3 298 379 1.44 0.1143443
8 110 821 1.44 -0.1513409
9 373 298 1.44 0.43829578
2 350 1609 1.44 0.21382844
7 208 269 1.44 -0.21351582
0 394 580 1.5552001 0.44220203
0 989 1684 1.44 0.27596968
0 877 96 1.7280002 0.6727279
9 776 1696 1.7280002 -0.13560021
4 792 981 1.44 -0.639359
9 252 609 1.7280002 -0.13949227
4 935 439 1.7280002 0.43541902
7 224 526 1.7280002 0.35193485
8 1049 1352 1.44 -0.40348873
1 430 869 0.9 0.5031039
6 968 1157 1.7280002 -0.56856453
2 897 1505 1.44 -0.72158104
5 143 346 1.44 0.13577968
4 139 1450 1.44 -0.51381177
6 369 1154 1.08 0.43056136
6 109 708 1.44 -0.23889363
1 298 1787 1.44 -0.3455596
9 103 669 1.7280002 0.50720483
5 921 1258 1.7280002 0.24515301
8 70 1484 1.44 -0.48991832
3 662 289 1.7280002 0.66096264
5 165 839 1.44 -0.5773798
0 1026 900 1.44 0.18821144
9 173 450 1.44 -0.5806742
5 1016 1649 1.44 0.14853185
3 222 856 1.7280002 -0.27363694
7 132 1475 1.7280002 0.22524291
6 316 1083 1.7280002 0.40995532
4 850 771 1.44 0.64074546
5 966 164 1.7280002 -0.47980642
6 801 1049 1.7280002 0.6222412
4 208 432 1.44 0.053129733
9 400 341 1.44 0.060634494
0 871 1797 1.44 0.54934794
3 98 1432 1.44 0.14735937
8 309 1533 1.44 0.30134434
2 606 1801 1.44 -0.578979
9 590 1617 1.44 0.18404156
7 790 1297 1.44 0.0844332
6 755 342 1.44 0.27999967
4 225 1811 1.44 -0.25723505
6 743 1846 1.7280002 -0.6144715
7 63 1659 1.7280002 0.6506906
5 367 1820 1.44 0.6576522
7 844 568 1.44 0.15513521
5 720 306 1.44 -0.5266434
2 178 759 1.44 0.3402694
1 129 232 1.7280002 0.13322341
3 607 1511 1.44 -0.10102475
3 299 154 1.7280002 -0.029268682
5 237 597 1.7280002 0.37786967
9 903 719 1.44 -0.6755022
9 1054 664 1.7280002 -0.38827327
3 133 433 1.44 -0.27555537
3 347 557 1.44 -0.5971403
7 27 1620 1.44 -0.56220895
3 762 823 1.44 -0.5853414
9 114 931 1.44 -0.12813926
3 997 1269 1.7280002 0.68847007
9 185 615 1.44 -0.43242005
0 93 1278 1.44 -0.13485247
0 283 1186 1.5552001 -0.7085718
3 267 1054 1.44 0.58628744
2 741 568 1.44 0.25781244
9 821 1638 1.44 0.1329059
7 980 1435 1.44 -0.4149977
9 629 515 1.44 -0.070531964
8 801 347 1.44 0.18559575
2 349 910 1.7280002 0.24147242
4 348 1798 1.44 -0.30004728
9 636 498 1.7280002 0.5633907
6 777 1383 1.44 -0.16730392
7 901 626 1.44 0.019403577
0 250 182 1.7280002 -0.7840525
8 825 870 1.44 -0.5139458
9 464 1709 1.7280002 -0.56179565
7 252 1019 1.7280002 0.14481765
3 264 1547 1.7280002 0.28846663
3 438 1142 1.44 0.64070946
0 671 405 1.44 -0.41052815
6 183 1329 1.44 -0.42422417
9 273 664 1.7280002 0.10794878
1 134 200 1.7280002 -0.22736144
4 299 157 1.44 0.72153467
1 338 866 1.44 -0.18812442
3 623 1621 1.44 0.17983586
5 650 121 1.44 0.39805764
5 145 1375 1.7280002 -0.38550836
4 433 185 1.7280002 0.3407988
9 968 88 1.7280002 0.12653542
8 1038 702 1.44 0.7758792
1 1046 1219 1.44 0.5460021
8 203 1403 1.44 0.3751319
7 1025 1618 1.44 0.01259011
7 252 845 1.7280002 -0.7377109
9 118 1005 1.44 0.4855054
3 917 668 1.7280002 0.09328306
2 308 694 1.44 0.37644273
4 184 411 1.44 -0.71390945
5 1029 245 1.7280002 0.38927394
8 101 1735 1.7280002 0.6171829
8 930 1619 1.7280002 0.23605877
5 126 1159 1.7280002 0.012021482
3 68 121 1.44 -0.5050909
7 248 975 1.7280002 -0.7644136
3 311 1833 1.44 0.76072377
7 384 1028 1.44 -0.6253423
8 89 538 1.7280002 0.25668174
1 271 1204 1.44 0.16275877
2 741 332 1.7280002 0.36066562
2 365 1043 1.5552001 -0.3135446
7 278 950 1.44 -0.4694217
4 234 1424 1.44 0.3663625
6 180 117 1.44 0.7324403
1 798 1086 1.44 0.24317735
8 613 282 1.44 -0.3369557
1 329 725 1.7280002 0.54601735
8 717 275 1.7280002 0.012693644
8 788 340 1.44 -0.28107023
0 796 1249 1.44 -0.5433633
9 895 1540 1.7280002 0.10516232
4 781 732 1.44 0.012573719
5 92 305 1.7280002 -0.0712052
0 141 531 1.7280002 0.5024224
2 114 792 1.7280002 0.70319694
2 214 1483 1.7280002 -0.5530626
4 120 596 1.44 -0.45206445
2 1032 899 1.7280002 -0.7808715
4 816 1515 1.39968 -0.38845357
8 660 185 1.44 -0.4037755
8 112 379 1.7280002 0.06207353
6 972 1839 1.7280002 -0.41860327
4 882 1621 1.44 -0.24658763
2 875 196 1.44 -0.77063954
4 106 1037 1.44 0.3757158
1 112 1817 1.44 0.04563403
3 263 835 1.44 0.2356152
8 896 985 1.44 0.40854126
8 626 1508 1.296 -0.45144922
7 265 49 1.7280002 -0.45241058
9 940 84 1.7280002 -0.76769036
5 968 403 1.7280002 0.06579602
7 1036 1762 1.44 -0.37087637
9 263 1760 1.44 -0.7837412
3 279 327 1.44 -0.3007125
0 817 1392 1.7280002 -0.30268952
1 683 540 1.44 -0.022865891
9 226 1612 1.44 0.019541502
8 36 1655 1.7280002 0.25075406
5 351 303 1.44 -0.6686978
0 893 1286 1.7280002 0.46958095
2 331 835 1.7280002 0.027321517
6 849 293 1.44 0.42361242
1 706 273 1.44 -0.49877578
8 892 1332 1.44 -0.12680155
9 471 1852 1.7280002 -0.5613824
3 209 705 1.44 -0.66404647
8 60 409 1.7280002 0.13854992
1 205 177 1.44 0.055823803
7 225 976 1.7280002 0.7051198
1 718 1137 0.972 0.28052717
8 681 858 0.9 -0.55270505
6 832 186 1.7280002 0.34808463
8 809 1491 1.44 0.7838673
2 405 1666 1.7280002 -0.29617572
6 342 1097 1.44 -0.1140942
4 313 863 1.44 0.4738651
1 705 1281 1.08 -0.07167345
8 288 1581 1.44 -0.2575016
9 301 900 1.44 -0.47581494
2 853 1679 1.44 0.535397
9 527 1701 1.7280002 0.0137633085
7 983 782 1.44 -0.25734633
8 210 882 1.44 -0.06955838
5 652 1583 1.44 0.59172636
5 937 297 1.44 0.026714444
9 854 1113 1.7280002 0.068497896
1 259 1665 1.44 -0.17918187
0 571 232 1.7280002 0.06278014
8 948 1472 1.7280002 0.35842544
1 445 1858 1.7280002 -0.4331949
1 252 1639 1.44 -0.6355888
7 945 1542 1.44 0.009972632
9 310 239 1.44 0.084629595
2 831 56 1.44 0.2961431
1 680 1800 1.44 0.5582703
3 326 757 1.44 0.18661183
2 990 539 1.44 0.4365043
6 1031 215 1.7280002 -0.058771968
2 906 572 1.44 0.61330265
7 828 735 1.7280002 0.5124678
1 120 410 1.44 0.518447
5 835 1205 1.44 -0.37160122
4 836 1693 1.44 0.08662611
8 909 1009 1.44 -0.17028517
7 138 877 1.44 -0.38153318
4 128 1372 1.44 -0.5806305
1 747 688 1.44 0.0059494376
3 564 1556 1.44 -0.52261686
1 734 807 1.44 -0.046401143
6 332 709 1.44 -0.3519442
4 80 491 1.44 0.49939662
7 874 1660 1.7280002 0.34440488
5 45 416 1.44 0.40343636
5 917 1788 1.44 -0.75146306
7 540 179 1.7280002 -0.5024737
6 734 578 1.44 0.3981995
2 807 761 1.7280002 0.2542507
6 959 861 1.7280002 -0.25229287
1 999 589 1.44 0.24531752
2 865 72 1.44 0.22391528
5 252 1308 1.7280002 0.6005463
7 959 1378 1.7280002 -0.0049930215
9 838 292 1.44 0.058928013
7 72 1541 1.44 -0.59619135
8 961 309 1.7280002 0.49743944
2 1005 551 1.7280002 0.73829776
6 675 1743 1.44 0.34313697
1 774 826 1.7280002 0.018034875
1 864 533 1.44 -0.16100228
4 881 1523 1.44 -0.77868205
8 158 666 1.44 -0.05741042
6 879 282 1.44 -0.28678074
1 194 348 1.7280002 -0.24890143
8 182 532 1.44 -0.7530173
4 909 447 1.7280002 -0.11214191
0 81 100 1.44 0.45765418
4 224 964 1.44 0.30411583
5 958 229 1.44 -0.0033422112
2 592 312 1.44 0.39745694
5 325 979 1.7280002 -0.6356564
2 521 1627 1.7280002 0.66011196
7 493 260 1.44 -0.61633384
2 433 464 1.7280002 0.5691183
6 976 1230 1.44 -0.47638118
2 237 1537 1.44 0.5591344
6 220 1780 1.44 -0.2933083
8 352 513 1.44 0.267214
5 224 1475 1.7280002 -0.6451155
6 595 1609 1.44 0.55108327
8 72 466 1.7280002 -0.2199406
4 938 1439 1.44 -0.10634267
1 906 243 1.44 0.6152647
7 987 1080 1.44 0.6443686
8 833 1157 1.44 -0.61597085
8 691 1730 1.44 -0.5925161
7 385 1137 1.44 0.17257881
4 375 412 1.5552001 -0.01481849
0 971 434 1.7280002 -0.5208024
6 848 261 1.7280002 0.011034191
7 121 1383 1.7280002 0.7330695
1 146 1801 1.44 -0.49096787
