7 402 1787 1.8818854 0.2925126
2 674 1062 1.7237378 -0.6057595
3 778 482 2.0260963 -0.16583395
2 810 970 2.287658 0.5696582
5 109 295 1.7682834 0.27749044
2 749 982 1.8510869 -0.27525985
7 905 1052 1.9354354 0.35114795
0 734 1508 1.350856 -0.7055398
8 640 1785 1.7051649 -0.53633845
0 952 474 1.9020607 0.3500219
5 518 215 1.9776999 0.27004105
3 298 1339 1.9876798 0.6386042
6 785 1223 2.0374718 0.6828831
4 958 1605 1.9726232 0.5931336
8 92 166 1.7135762 0.16269463
5 131 410 1.9527562 -0.6428363
5 202 967 1.9158369 -0.2517836
5 744 1636 1.8637009 -0.6668978
1 100 224 2.2635417 -0.035015404
5 766 860 2.139006 0.029906988
4 936 854 1.9090707 0.62531155
0 973 553 1.9492574 0.08653265
5 317 1719 2.0035098 0.37897784
9 843 954 1.8835524 0.42863137
4 764 1360 1.060385 -0.53697914
4 363 147 2.1452372 -0.63701934
7 88 1740 1.8490983 -0.17577308
3 876 675 1.912591 -0.15297508
8 685 1052 2.0276878 0.42998534
1 622 245 2.2988207 0.0038348436
0 724 1025 1.8881882 0.23667175
9 845 1441 1.7637442 0.54435486
4 906 115 2.040407 0.21885139
9 251 1626 1.6804119 0.37702912
0 926 783 2.2247036 0.63993233
5 137 1376 2.0129507 -0.26301253
3 712 883 1.8691951 -0.5759862
3 791 1441 1.3699487 -0.25749916
4 397 166 1.6998802 -0.24589872
6 452 309 2.0147595 -0.527175
4 69 589 1.8665845 -0.24712181
7 752 1830 1.7120523 0.40370947
3 46 606 1.7508036 0.48157042
3 970 1231 1.7932829 -0.51623034
1 339 1220 1.1814209 0.47102374
5 875 352 1.9977185 0.63758606
7 78 688 1.700467 0.6562949
3 373 1082 1.9856532 0.26215893
4 782 117 2.0712461 0.39017588
2 255 70 2.379009 -0.7304261
8 859 224 1.9495853 0.65495795
6 372 1803 1.9723784 -0.053656578
0 912 328 1.9483169 0.63888735
1 160 1825 1.747773 0.6916527
0 911 1246 1.9425062 0.4914251
9 848 1090 1.9074095 -0.037132084
9 995 1238 1.7161747 0.33530158
4 925 1084 2.150616 0.42246205
8 247 383 2.0691638 -0.3177623
7 255 967 1.9590217 0.44424492
2 484 1697 1.7822554 -0.24507874
2 211 1380 2.009873 -0.4413238
1 472 359 1.9026002 -0.45339134
3 904 1669 2.1359487 -0.031163096
8 314 575 2.003512 -0.5567583
9 670 1739 2.3165631 0.39661163
5 318 1617 1.6824453 -0.3342704
0 880 1507 1.9615383 0.7204979
2 352 904 2.0078213 -0.71593106
6 1010 1754 2.2728124 0.06767106
7 104 1362 1.8701721 -0.5299882
0 202 1241 1.9042729 0.1940366
6 233 1136 2.0072773 0.30093664
3 226 1473 2.0626185 0.47558826
2 851 198 1.8405471 0.68956536
9 808 979 2.159194 0.15080696
3 696 370 1.7604128 0.17809254
5 151 1378 1.9091251 0.7099419
1 459 1544 1.6982344 -0.08205074
4 274 961 2.0027115 -0.58358663
0 551 1813 1.9142889 0.4958498
8 197 389 2.362691 -0.3893999
5 720 1305 1.2369363 -0.2227931
4 362 432 1.7869223 -0.697131
9 786 1112 1.7264094 -0.2425698
6 391 1590 1.8107524 0.10391998
5 130 1634 2.3095636 -0.5776329
5 880 1373 2.0389974 -0.29725757
9 212 267 1.7416002 0.17020398
2 816 472 2.062308 -0.5192191
5 141 307 1.7291937 0.26212138
1 350 1076 1.9649159 -0.698456
0 685 984 2.112945 0.7018643
7 891 877 2.0712214 -0.516492
1 883 829 1.8740753 0.42449266
0 178 330 2.2506495 -0.7852548
4 342 155 2.0216615 0.48341852
7 824 714 1.934685 0.6372519
2 850 1791 1.6723245 -0.3125617
3 794 113 1.875308 0.24288219
8 895 1082 2.035321 -0.77904326
4 217 864 1.9157819 -0.4876472
1 286 373 1.7294289 0.6111428
2 399 487 2.1023688 0.6034712
6 182 1285 1.9919512 -0.47238484
4 46 120 1.9119443 -0.6248379
5 154 1052 1.6487553 -0.4147322
3 133 651 2.2212954 0.6550693
7 805 1621 2.016927 0.47883922
5 951 1549 2.0641012 -0.43566984
7 905 152 1.9117575 0.6868213
7 929 781 1.849317 0.41002315
1 239 1073 2.1382635 0.5153186
9 241 336 1.9112235 -0.17050743
5 676 880 1.5409604 -0.6486399
5 968 788 1.8579572 0.5090595
1 905 1485 1.7555003 -0.06268239
7 953 1028 1.9665344 0.22638041
4 213 475 2.1349301 0.782741
3 239 1685 1.9896765 0.6342588
0 469 1113 0.7504231 0.35433167
2 478 156 2.0207608 -0.27283633
7 772 1228 1.9827033 0.6749739
4 651 497 1.2317432 -0.540004
2 897 806 1.7929153 -0.5483248
3 794 343 2.0725121 0.030080855
0 692 939 1.864406 0.40775043
7 91 1108 1.9449486 -0.714814
6 325 1223 2.023997 0.11734635
0 240 811 1.8322308 -0.21054757
6 218 1677 1.9239291 0.4067201
1 892 1013 2.1096444 0.2038275
3 746 529 2.018985 0.3448487
3 970 248 1.6590614 0.71430546
3 1001 672 1.8205696 -0.34821722
8 230 1440 2.176504 0.57000047
0 493 406 1.2637837 -0.028486669
7 347 1610 2.203269 0.7686884
5 240 721 2.0301237 -0.61776227
7 352 1745 2.016775 -0.57283574
5 914 1613 2.058583 0.68189996
4 678 1533 1.400882 0.024668217
6 65 1814 2.0582778 -0.6106576
6 666 1051 1.8446641 0.46177977
0 894 1378 2.1185062 0.51734024
0 323 1776 1.8589875 0.29594654
6 277 1501 1.6990429 0.6036971
3 387 1795 1.9379355 -0.5276865
3 182 1688 1.9992322 0.7274911
5 714 892 1.9144808 0.64996356
9 910 1600 2.1682062 -0.22007853
8 30 853 1.9404675 -0.5406803
0 1018 1036 2.052199 -0.14043993
6 829 530 2.1685667 0.695021
5 70 677 1.8525373 0.28849262
7 176 914 1.9894049 0.24110252
3 728 875 1.9656737 0.15343916
5 148 643 1.9137183 -0.4942651
3 950 1607 1.8729144 -0.25722474
6 678 809 1.670925 0.11709845
5 242 482 1.9298146 -0.761461
2 799 1592 2.1780427 0.501296
5 522 421 0.8546926 0.06610829
9 855 1314 2.1327438 -0.4485541
8 577 1884 2.0736642 0.32487053
0 165 1415 2.1000803 0.404023
3 606 365 1.9846311 0.10188371
0 1015 1419 1.6823815 0.74241
2 471 315 2.1274807 0.46849936
8 382 71 1.8060971 -0.6351717
6 249 1463 2.2815351 0.3388484
7 816 1036 2.010556 0.2599098
0 933 1666 1.9494979 -0.7244891
8 224 803 1.7551109 0.08635503
1 90 1489 1.9617697 -0.6850507
5 146 1612 1.9611133 0.42786092
0 914 1671 1.8155967 0.5234327
1 448 192 1.9087505 -0.3260726
8 103 892 1.7429515 -0.365567
7 586 1751 1.7513654 0.20436019
0 107 1855 1.8254014 -0.42580467
0 539 361 1.7506196 0.5600547
0 49 537 1.9630984 -0.7629658
3 1004 467 2.2182155 0.32362765
6 437 813 1.0501741 -0.4232082
9 344 327 1.7088982 -0.32059872
8 437 1101 1.1433866 0.31571394
1 112 1441 2.042568 0.6107891
2 301 1502 1.957007 -0.6394983
2 1028 485 1.9981658 -0.55988705
1 626 86 1.7970575 0.63233036
3 258 705 1.8164376 -0.056343198
7 895 1366 1.9815271 0.663057
6 821 1498 2.0412095 -0.23977685
2 705 1678 1.9879547 -0.23295611
6 522 233 2.0302231 -0.21559274
3 91 995 2.0939295 -0.13843566
1 915 1466 1.7627132 -0.33952266
1 125 1606 2.3458755 -0.67837584
1 452 1099 0.90160316 0.48848194
1 110 766 1.7679492 0.10686886
2 261 234 2.2289133 0.07925534
7 75 1331 1.9658271 -0.16466701
1 277 1275 1.9372023 -0.34236777
3 277 1228 2.2111008 -0.29834318
4 168 469 1.8095613 0.0076850653
9 171 333 1.9112453 0.3784539
2 599 1610 1.7148715 -0.043708622
5 374 963 1.9409484 -0.16512692
7 739 1684 1.679727 0.17718816
2 691 1035 1.6944178 -0.15190673
8 976 1623 2.2064836 -0.22227281
0 101 968 2.1799142 0.3966841
7 1004 1415 2.0146055 0.10042268
8 443 253 1.8094803 -0.5576427
8 886 1737 1.6898458 -0.754209
7 779 1295 1.9901644 -0.22105831
9 739 413 1.7504103 0.0062087774
3 234 1731 1.9584657 -0.75803846
6 469 161 1.891317 0.4111218
0 949 1449 1.828809 0.46942276
4 546 1692 1.8581022 -0.22568733
0 93 669 1.8944844 0.24639612
7 968 1386 1.80385 -0.4977075
5 903 1071 1.7620823 -0.64151603
0 376 618 1.7430753 0.416228
3 184 174 2.0482304 0.7115919
0 842 1262 1.9243112 -0.5812407
1 802 773 2.1976438 0.77113694
0 282 1139 1.7171063 -0.5112088
5 712 181 1.7634953 0.26882786
0 796 1303 2.1004345 -0.2663555
9 878 575 1.8570782 -0.19060892
6 81 421 2.2497084 0.23680955
9 790 1827 2.0827365 -0.22129416
5 340 1499 1.1350317 -0.28365266
4 740 743 2.0070956 0.7747068
3 639 1141 0.91292083 -0.15082037
6 126 1061 1.9194303 -0.6251255
5 1001 1125 2.0183358 0.6830608
9 264 973 1.9195806 0.47712034
6 418 1099 1.6141979 -0.40521398
9 907 1282 1.8043898 0.18891472
1 1001 914 1.935872 0.507153
1 130 812 1.8913336 -0.42891195
8 915 651 1.6966727 -0.78271234
5 277 565 1.8899027 -0.57946956
3 884 960 2.0836232 -0.5450826
9 715 252 2.2855668 0.47218114
9 900 1602 1.746105 0.51749164
3 722 861 2.0681922 0.035482883
9 800 789 1.8512644 0.34113795
8 590 46 1.9475853 0.25975186
1 238 522 1.7483293 -0.45482692
5 684 899 1.6650598 -0.50011945
8 54 1367 2.031849 0.5747481
5 186 1882 1.8809311 0.437185
6 882 1394 1.9563082 -0.66107976
6 86 1664 2.1518824 0.6395332
0 119 107 2.0398765 -0.07450497
7 182 415 2.120579 -0.5541481
7 183 1635 1.9350088 -0.31458938
4 926 916 1.7949563 0.04943663
6 708 1544 1.7023028 0.06624514
6 187 506 1.8173959 -0.06685269
7 260 1602 1.9111506 -0.32731915
4 793 831 1.806219 -0.07661331
0 980 263 2.0951493 0.28899843
0 228 910 1.8195543 -0.25773835
6 806 886 1.9424993 -0.42518178
8 269 1610 2.0159216 0.6729595
3 496 390 1.4398776 0.026999712
0 760 777 1.6642265 0.3393181
1 1006 747 2.118285 0.5417593
7 496 1562 1.8739544 0.49640614
3 756 624 2.1056848 -0.750258
7 317 1564 1.9111716 -0.3245123
7 531 1715 2.0875976 -0.6677339
6 580 1791 1.8929936 0.607343
9 390 419 1.9277619 0.13393563
4 247 1089 1.945916 -0.35883185
9 332 1681 2.228923 -0.6449859
6 240 676 1.9350342 0.28714508
4 369 718 1.2175214 -0.5121509
9 205 723 2.0536585 0.20640254
2 822 1821 1.932567 -0.49126709
6 214 1159 1.6823285 0.32015556
5 732 676 1.9370825 -0.5261956
4 249 95 1.859375 0.62416047
9 257 233 2.0409894 -0.32521883
6 741 308 2.0958235 -0.74090946
2 755 1275 1.6295258 -0.23412484
5 89 363 2.04803 -0.16083455
4 362 242 1.9447826 -0.07743907
0 159 291 2.3544297 0.11906439
9 392 536 1.9667801 0.5141131
7 835 1811 1.8799723 0.54049414
2 915 1355 1.8395014 0.48893648
2 915 1859 1.9383196 0.6319613
7 947 294 1.8154852 -0.48232725
4 855 1077 1.9186206 -0.5477704
5 791 103 1.6244942 0.060741365
3 637 549 1.1486037 0.598746
6 61 1275 2.0434482 -0.4173909
9 391 973 1.8969402 0.6571794
8 227 1283 2.1753016 -0.21864152
5 288 525 2.10511 -0.09595078
5 445 1585 1.7719151 0.3116948
8 331 1030 2.2153668 -0.720152
2 418 1619 1.835047 0.6196889
9 177 322 2.2669892 -0.6918555
5 624 177 1.9524802 -0.12188643
3 401 1032 1.8639553 0.31972784
2 469 1094 0.93205804 -0.5943385
5 388 1858 2.1325905 0.19398564
4 548 1639 1.873789 -0.38906842
6 1039 75 1.7680863 0.7597206
5 746 622 1.7682151 0.4022451
9 388 778 1.6367984 0.034698248
5 183 1842 1.945616 -0.32421017
0 863 1058 1.726909 -0.50134104
9 849 857 1.8024141 -0.09171218
5 166 1811 1.8712591 0.31338233
7 78 1605 1.9607753 -0.1323049
1 420 884 1.1085556 0.32122308
9 244 1340 2.1888986 0.13470739
8 676 379 1.8576591 0.7501783
1 496 1600 2.0451894 -0.14026278
2 335 398 1.8459088 -0.35962966
7 105 1781 2.1798966 -0.21927643
5 900 1059 2.033705 -0.7519413
4 737 168 2.214669 -0.29415214
1 794 1054 1.9455761 0.3509019
1 910 900 2.1549633 0.2064938
4 589 1545 1.4622303 0.087408364
1 915 1013 1.9905237 -0.0033572912
6 182 1056 1.9242507 0.5049538
8 125 1458 2.0777802 0.19353336
0 714 641 1.967856 0.25388616
0 348 1758 1.8386345 -0.5410951
8 390 1567 1.8179709 -0.3226352
8 611 146 1.837948 0.035367012
0 123 1342 1.9212991 -0.5780077
7 764 496 2.111021 0.31222218
2 519 1557 1.7899325 0.48995334
1 819 1782 2.3761554 0.709902
2 267 1718 1.7612606 0.13746077
7 820 521 1.9394065 0.35521287
8 267 1679 1.8744987 0.047005475
3 566 53 2.2223148 -0.63218594
6 672 597 1.0944089 -0.32491153
3 144 1008 1.8405565 -0.3364326
8 405 911 2.0142934 0.18936646
7 544 1801 2.2797072 -0.6152234
9 284 321 1.8805798 0.021642506
1 879 223 2.0041335 -0.65527713
1 1011 64 1.8930415 -0.5483966
3 392 504 1.7277555 0.54532987
9 74 1494 1.9961826 0.4285913
8 877 578 2.0119197 -0.6103036
2 839 1717 1.936308 -0.49350205
3 83 824 2.0496254 -0.24124163
6 986 200 1.9088336 0.46231598
3 212 667 2.081916 -0.17306054
8 730 397 1.6712177 0.7812422
6 332 930 2.1667335 -0.19041455
9 247 607 2.0823193 -0.77506346
8 238 461 1.9092304 0.110480785
7 416 1621 2.2411492 0.66205794
1 164 348 1.918978 0.573741
1 861 1841 1.9971689 -0.7634136
4 218 1272 1.9521893 0.09138161
9 443 455 1.7130259 0.6115506
2 985 1252 2.120819 -0.2926546
2 195 1506 1.8793579 -0.71572423
7 89 1309 2.0110528 0.76455134
6 108 965 2.1088078 -0.608276
8 310 572 1.9534565 -0.5022376
4 361 681 1.391763 -0.25585842
2 510 239 2.247883 0.18746692
5 960 846 1.6871287 -0.29364452
4 1033 521 1.8266245 -0.26606345
3 405 487 2.091794 0.3596074
4 736 1478 0.8864025 -0.3994012
7 682 869 1.7623378 0.6085153
7 480 344 1.8637818 0.21296823
1 272 188 2.280462 -0.19384092
0 529 64 1.6971157 0.1396457
0 937 1787 1.9085612 -0.14841628
2 665 245 2.013391 -0.2132225
4 971 401 1.8122466 0.5947636
7 579 1605 2.1448686 0.56278604
5 519 1814 1.6735636 -0.5223563
2 685 120 1.6928585 0.63380533
0 820 1510 1.9966892 -0.43570307
1 423 975 1.4124166 -0.49245661
1 195 1585 1.8938768 -0.07192725
8 876 741 1.9124771 0.31003636
3 201 1542 1.8972375 -0.657957
4 349 1612 2.0434258 -0.028350532
3 535 1798 2.1751812 -0.24900222
9 714 1791 2.12626 -0.36246926
1 885 803 1.8288411 -0.72661406
7 941 130 2.1007144 -0.43836704
6 58 1503 1.9640403 0.6757521
3 220 1233 2.250894 0.3731478
4 222 1252 2.1888974 -0.28844252
4 349 252 1.6808007 0.21056443
2 82 354 1.9892477 0.37182122
3 577 1752 1.7703038 -0.21129227
7 381 116 1.8724241 -0.7168242
6 920 480 2.0177722 0.34119993
9 325 1305 1.8017569 0.37091833
6 139 774 2.2544436 -0.4929256
9 941 322 2.0928764 -0.62132263
8 1020 1414 1.91011 0.076488316
8 525 1546 1.4921583 -0.534645
9 572 120 1.7507745 0.17957133
3 719 1161 1.9180448 -0.6695186
9 220 1336 2.077246 -0.5684731
8 775 1712 1.6723671 0.17040259
0 830 1727 2.18127 -0.08516419
9 408 1586 2.2237601 -0.7765682
8 865 1677 2.3396919 0.7776473
8 300 1285 1.9574121 -0.2421
6 406 1722 1.7682284 -0.33082473
0 957 391 1.7916516 0.5153702
7 318 1121 1.8929795 -0.31942222
1 368 962 1.9413062 0.6269272
8 56 1679 1.8841068 0.4379745
5 400 381 1.9412872 -0.20221323
2 205 936 1.8850367 0.503033
4 930 1011 2.1755722 0.17966628
2 347 1523 1.5601346 0.041789293
8 335 767 2.3466144 -0.47518492
9 67 1182 2.0079837 -0.7124092
6 823 206 2.37632 0.50575155
3 334 916 1.9361049 0.32797164
0 628 275 1.767754 0.6549751
2 209 163 2.270572 0.7593544
1 651 960 1.17962 -0.60001177
8 930 1366 2.116321 -0.5328676
4 632 519 0.88348395 -0.67847914
9 701 1517 1.4258982 0.31074482
8 677 1632 2.226181 -0.10111314
2 253 1405 2.0407865 0.48418957
4 976 1751 2.245054 -0.16631287
1 310 1112 1.950311 -0.07136643
4 216 613 1.8712854 0.6317021
3 213 968 1.891623 -0.6071785
9 91 96 1.9265136 -0.027549386
5 78 106 1.9394641 0.3107255
1 1040 416 1.6352636 0.7695723
3 187 1473 1.9392283 -0.35099727
9 369 1714 2.227542 -0.70473856
8 694 1546 1.6743574 0.38419503
0 84 1654 2.3219674 0.34829563
5 953 842 1.7358547 0.29290527
6 335 723 1.7369397 0.6827981
6 420 951 1.1349618 0.67227525
6 370 1615 1.9742262 0.642319
9 988 1382 2.0628536 0.20494038
4 827 1854 1.9798818 0.16132492
8 849 1237 2.1043046 -0.32272545
5 128 1636 1.9012316 -0.4750912
4 88 1000 2.2533937 0.6872557
1 283 352 1.8673228 0.14033306
5 675 716 0.8682213 -0.49561054
7 681 889 2.0174172 0.51898366
7 974 1268 1.8533115 0.050543368
6 113 719 1.7731261 0.06660795
6 146 665 1.8630283 -0.032743156
7 544 322 1.8563808 -0.61041003
9 248 1709 1.9850113 -0.13108647
3 963 117 2.1345139 -0.21021426
2 875 1201 1.8432958 0.6092461
7 449 552 1.0855838 0.41464883
5 187 874 1.9724054 -0.023542047
7 712 1489 0.86736417 -0.10144818
3 543 371 1.7530259 0.5857701
3 353 624 2.0832274 0.22032124
3 1035 1064 1.7914522 0.64790744
5 751 1821 1.9068707 -0.27172154
5 107 278 1.7443044 -0.3008681
9 165 414 1.8056886 -0.49539125
3 380 1822 1.811761 0.37769574
2 466 353 1.9275862 0.44606894
9 336 802 2.111334 0.6601724
6 502 1747 2.013195 0.6795816
4 289 1587 1.6669818 0.13580489
7 317 222 2.166986 -0.31555438
9 605 370 1.9595317 -0.39224473
1 184 527 1.9395332 0.27154225
9 748 774 2.0109015 0.06690091
0 556 122 2.0422502 0.08686137
2 140 781 1.8205651 -0.62558293
8 85 1116 1.990115 -0.11139977
0 719 1245 1.2572846 0.29838198
2 514 121 1.8050432 -0.46147797
0 925 1549 2.219763 -0.5212635
6 967 1331 1.9099278 -0.6521854
1 858 1660 2.067758 -0.43500182
5 225 599 1.9866352 -0.33556637
9 974 1397 2.134015 -0.070531964
4 303 1297 1.8059313 0.23105532
2 660 489 1.5766532 -0.61850786
3 710 1517 1.4060218 -0.45406833
8 754 577 1.8442185 0.2721725
9 303 1318 1.819792 -0.3449706
0 409 970 1.5496432 0.6851832
3 913 1087 1.8398205 -0.7227751
6 45 1808 2.2363977 0.7716455
4 249 1687 1.9555739 0.29438215
2 919 490 1.7767076 -0.7245866
6 873 479 1.8277555 -0.51426697
9 299 191 2.0903726 0.49645776
1 378 1722 1.7085409 -0.59967923
2 736 483 1.732924 -0.15501004
5 917 534 1.9454939 -0.34549314
5 538 168 1.8684894 0.69889385
9 223 722 1.8945194 -0.467204
7 1020 245 1.895561 -0.3395983
1 121 1384 1.770916 0.6589535
3 478 1818 1.8718373 0.08433348
3 858 88 1.7427853 0.68466276
1 603 202 1.9460846 0.02059865
5 1039 1753 1.7808332 0.7783906
6 398 791 1.2328128 0.21788138
1 99 286 1.6570513 -0.30686218
8 832 440 1.9247173 -0.73284024
7 125 1831 2.030564 0.39007455
7 475 186 1.9792448 0.04109204
0 155 661 1.9761642 -0.63473445
7 813 1620 2.0665784 0.1681279
6 260 727 1.8688625 -0.12914312
1 427 1039 1.2451032 -0.7330033
1 132 1762 1.9209765 -0.13175273
8 225 1696 1.7654004 -0.00644207
8 75 709 1.9446521 0.714217
2 106 1163 1.7743355 0.66848856
9 447 811 0.79338676 -0.61472267
8 978 116 1.8435311 0.25819463
4 224 378 1.888306 -0.5180547
0 263 565 1.9937812 0.6607881
9 264 1816 1.8083652 -0.36293748
2 857 725 1.9912621 -0.062984705
6 103 492 1.8180422 -0.40095547
3 950 75 1.823715 -0.2969059
9 863 1809 2.265221 -0.5065673
0 313 1456 1.1708229 -0.4164684
5 413 469 1.8929588 -0.6219468
7 441 163 2.2447228 0.13176018
6 868 1728 1.7971278 0.5040162
7 750 385 2.1372693 -0.60602343
3 719 457 1.9638134 0.35899383
0 241 882 1.7850499 -0.49969155
5 98 104 1.8858517 0.7641615
4 822 410 2.1186733 -0.3579837
8 146 944 2.3625977 0.68028766
0 404 473 1.9847775 0.5560166
9 243 206 1.7836183 0.13980639
3 393 545 1.8004173 0.33830446
1 186 1468 1.9836686 0.7206548
6 915 804 1.8867168 0.435587
4 990 1018 2.1646564 0.4620691
7 788 1379 1.5883921 -0.48907828
7 815 1319 2.0286424 0.49656636
7 762 1832 1.8175495 0.671786
0 90 1696 1.961253 -0.10925484
2 327 1530 1.8466294 0.19137055
7 694 170 1.835502 0.5587302
8 120 974 1.9260749 0.41248053
7 927 860 1.8495817 -0.72929966
5 143 1369 1.8214768 0.2492606
6 470 1810 1.9455358 -0.38172004
3 605 352 1.8037785 0.6460065
0 303 1281 1.9523798 -0.5014384
5 936 699 2.120959 -0.62567437
7 937 197 1.8816442 -0.11609781
9 898 1269 2.042848 -0.6012409
8 342 623 1.7295613 0.5325263
8 961 1313 2.3093226 -0.45497146
8 853 1706 1.9878109 -0.58337677
0 1013 1208 1.9186345 0.43422252
9 849 1269 1.9159043 0.34305423
6 554 1548 1.6387805 0.046463966
1 263 247 1.8846445 -0.19553995
3 254 1239 1.9759152 -0.4586114
6 177 1591 1.7958153 -0.77055347
4 399 271 2.127935 -0.2402783
4 649 487 1.3576298 -0.48511675
4 148 617 2.2580745 -0.6728226
7 120 249 1.9353081 0.37137133
2 944 1041 2.181733 -0.38053033
0 106 1553 1.7258285 -0.5900398
0 648 870 1.1401229 -0.6194611
6 193 1328 1.8097162 0.653173
7 291 1365 2.0675368 0.029001832
3 414 79 1.7886024 0.47755474
5 416 1125 1.3109667 0.15433913
8 801 1458 1.9969434 0.4041329
1 401 360 1.941609 -0.28869465
6 652 993 1.180993 -0.7053001
3 980 270 2.1439033 -0.42769828
5 609 236 2.2425396 0.24647266
0 543 409 0.9297109 -0.26070476
6 332 713 1.8744477 -0.022473514
0 688 1737 2.104116 0.6752108
8 144 109 1.9722954 0.14742422
8 339 1023 2.0664294 0.1495477
5 781 427 2.127347 -0.24616367
0 864 1859 2.1637993 0.65581924
5 471 335 2.1718252 -0.28429782
8 455 332 1.9525197 -0.66200346
0 304 1822 2.1412473 -0.6095196
1 81 557 1.9314631 -0.38467678
9 1008 1498 2.0540292 0.6639442
7 177 1376 2.1463907 0.71544284
1 923 244 1.6750684 -0.6401516
9 218 1222 1.9040195 -0.007120192
3 292 661 2.1344278 0.39434022
7 522 133 1.8328562 0.5003974
1 183 1637 1.931278 0.6442091
4 953 1471 2.1136737 0.2610852
5 763 1816 2.0071306 0.47602612
3 839 300 1.9469409 0.7820026
4 738 335 2.0161529 -0.4217923
3 743 503 1.8259869 -0.28593856
6 77 724 2.1191072 -0.07842392
5 791 619 2.0816858 -0.51835304
5 338 1519 1.4694824 0.3456996
4 938 819 1.8940004 -0.7850252
0 304 988 1.7803761 -0.25260633
5 94 560 1.955785 -0.7051885
5 566 1514 0.94121253 0.35841244
9 690 196 2.2056077 0.24009186
8 740 619 2.1908007 0.31328112
7 305 960 2.1173027 0.18419033
6 598 1676 2.080998 0.40771812
3 279 1562 1.9498339 0.64330024
1 159 367 1.9558934 0.48742694
7 205 1533 1.9524753 0.028618813
6 957 924 1.8558649 -0.2323587
6 633 510 1.0860057 -0.45869482
4 253 749 1.89255 0.31836277
0 105 1024 2.268582 -0.55831003
0 792 549 1.9860196 0.6863069
6 389 972 1.7387813 0.7370338
9 640 282 1.6490868 0.4809453
5 906 1709 2.143497 -0.18498999
5 701 832 2.032047 0.6606342
2 824 578 1.8579389 0.25724
4 160 223 2.0246072 -0.33350843
9 390 853 1.7893609 0.15846121
4 350 1114 1.9071847 -0.40236512
6 33 273 2.040098 0.16335166
5 932 961 1.7320226 -0.2497372
3 534 189 2.0727267 0.48129112
5 646 1718 2.009967 0.28311175
0 968 895 1.9721262 -0.6747737
8 859 924 2.1583447 -0.2862009
6 974 1269 2.135212 -0.18998367
3 138 1653 1.8477114 -0.10566473
2 69 1218 1.9834055 0.57341176
2 471 237 2.0978494 -0.06978506
1 852 1085 1.97121 0.7544548
9 495 157 2.1551366 0.47966558
6 938 895 1.986595 -0.15990871
3 419 82 2.1035779 -0.49265417
0 906 1456 1.7961028 0.6677292
0 24 1711 2.0974739 0.49003488
7 268 154 1.959394 -0.4528008
3 160 1022 2.0168378 0.21757132
0 329 442 2.2228456 0.052836478
2 242 491 1.8534191 0.36201745
6 878 182 2.135294 0.6039408
5 112 309 1.974037 0.6102808
5 874 145 2.3666687 -0.70654947
3 449 105 1.8137625 -0.26313013
6 173 340 1.9364748 0.35692638
4 635 1787 2.1221519 -0.63882416
2 258 389 1.9899752 -0.49055976
3 730 1794 2.1828833 -0.18942529
8 1026 1549 1.9457365 -0.45860952
8 929 851 2.0143595 -0.5979678
9 916 182 2.1934097 -0.33250627
6 871 836 2.249347 0.19764966
4 226 1240 1.9806652 0.60254985
4 924 1490 1.8468964 0.42926675
5 818 1175 2.3560512 -0.28974506
6 332 1660 1.8496752 0.4417823
6 856 653 1.8325089 0.47498697
7 874 934 1.625923 0.06706673
0 401 1822 2.073089 0.08187306
9 403 977 1.8985722 0.1259116
7 548 405 1.0453163 0.3905987
4 302 1078 1.8990823 -0.5265852
4 966 327 1.9956257 0.30990106
7 264 1574 1.7049469 -0.06835258
5 755 982 2.2891393 -0.08208662
0 830 1148 1.8681147 -0.40065485
6 663 99 2.0367963 -0.7048495
8 725 674 1.8005694 -0.48757932
8 78 1028 1.975363 -0.538446
2 107 1286 2.1133008 -0.6112051
3 896 1409 1.9978157 -0.50970894
5 1025 1059 2.126348 0.14495522
0 888 1163 1.9560404 -0.02308011
4 100 975 2.0083737 0.4423303
9 791 1231 1.7753723 0.6396298
6 64 1829 1.6328093 -0.631287
0 343 801 2.1220727 0.7306612
2 468 60 1.7211119 -0.27811307
5 327 174 2.115017 -0.30740914
8 758 1146 1.7895308 -0.6073322
7 688 1637 1.7753783 -0.74514043
3 828 713 2.1857097 -0.4025517
1 834 375 1.9998577 0.51548487
7 999 518 2.051464 -0.36638528
9 791 1390 1.659352 -0.2630279
3 984 1258 1.8105019 0.29868823
2 857 888 1.7647128 -0.4244616
6 843 840 1.7194748 0.084919214
4 338 1219 1.285567 0.19392866
4 129 199 2.1599712 0.26878852
6 370 985 1.8756768 -0.11291641
3 44 142 2.1686337 0.13211495
6 594 330 2.0734744 -0.65382385
0 467 260 1.9940618 -0.53329563
0 394 957 1.8850392 -0.66263676
4 788 107 1.8721764 -0.17574078
5 842 1352 1.9070787 0.044222653
4 705 1818 1.876736 0.73248094
6 618 1806 2.3877692 -0.32425588
4 887 1337 2.055414 0.2407481
7 235 710 1.8261213 -0.74751884
1 791 1748 2.2620528 -0.13129544
7 230 889 1.792982 -0.31523436
4 856 926 1.9917678 -0.07138252
1 872 1771 1.7140273 0.77087194
0 45 861 2.190585 0.054595828
6 757 197 1.7958075 0.45078152
1 93 596 1.9045534 -0.53421247
3 973 202 1.8758035 -0.18295848
7 134 1821 1.7423882 0.25630742
1 345 1068 1.9686933 0.7269581
9 971 508 2.3305843 -0.08225906
5 773 782 1.9120579 0.3581732
2 238 809 2.2266955 0.1939866
1 152 518 2.206648 0.3030873
2 127 1534 1.9345069 0.12937671
6 856 1264 2.2138083 0.034035027
7 161 1104 2.1480758 -0.39437914
4 752 1572 1.8885261 0.29158467
2 677 1005 2.034696 0.49065465
7 557 72 2.2862148 -0.27292556
9 933 1078 1.9282973 0.7246211
6 944 1164 2.1424203 0.0935179
2 981 1148 1.956146 -0.2201075
8 121 623 1.6950698 -0.26149195
7 229 1030 2.1525207 0.12354511
4 200 454 2.0833974 -0.60413253
0 756 280 1.8369274 -0.32537284
6 822 1439 1.795316 -0.45434362
2 788 934 1.8645871 0.37906474
1 743 311 1.8800803 0.49466878
8 623 342 1.9941112 -0.6568518
1 173 1202 1.7430755 -0.13719982
7 154 1618 2.1826494 -0.104748785
0 667 104 1.8518834 0.4067356
8 362 1813 2.0588057 0.6560381
8 266 1338 1.9100014 -0.27660882
5 107 1106 1.8502934 -0.43790135
1 907 698 1.9994563 -0.54135644
4 767 563 2.0123506 -0.76255345
9 991 487 2.2601545 0.026818335
4 828 874 2.0088975 0.17400151
2 857 507 1.7887721 -0.45576906
9 222 339 2.1570659 -0.08710641
7 926 460 2.0268066 -0.75725174
8 741 1776 1.9751576 -0.5512573
9 858 1316 1.816903 -0.004636705
0 787 1446 1.4010595 -0.48154247
2 996 204 2.0980392 0.66577286
0 228 553 1.9094294 0.48126143
9 645 885 1.287953 0.056007624
7 161 1348 1.9684143 0.065051675
7 413 450 1.824128 -0.3169631
3 674 705 0.8155858 -0.6227395
8 41 668 2.2690713 -0.3427716
9 707 1325 0.99961346 0.64785355
7 165 1549 2.2076368 0.77865773
4 284 107 2.0874348 -0.63718826
6 759 989 1.7684927 -0.24172491
1 166 181 2.1820476 0.7547639
7 71 1640 1.9206593 -0.19934636
5 896 176 2.0175962 -0.40928394
7 229 1856 1.8928776 0.5745581
1 59 1530 1.6417003 -0.65413344
1 111 822 2.1204371 -0.7816677
1 108 1037 2.0761008 0.5402617
5 619 1713 1.8599765 -0.4678558
0 501 219 1.7145425 -0.40310806
1 232 877 2.0128114 -0.50990134
8 142 483 1.995286 -0.39724672
8 142 266 1.9294401 -0.6852215
9 112 201 1.8429509 -0.19835532
4 176 1504 1.8096391 0.77048975
0 854 1740 2.1238918 0.022770882
2 360 1252 0.9372859 0.1619637
4 115 539 2.072557 -0.3642666
3 691 826 1.8163228 -0.42458314
1 635 1731 1.9141521 -0.6341638
6 1005 1149 2.324455 0.27469474
1 958 680 1.9677048 0.14498097
1 722 420 1.9652205 -0.43852788
5 896 1626 2.0785663 0.36420017
7 634 1147 0.86256045 0.44357866
1 937 481 2.0837638 -0.46528137
2 311 98 1.8975837 -0.054436088
6 781 1682 2.229595 -0.70438725
6 297 1350 1.8530332 0.7401665
0 898 729 1.8651073 0.14747429
2 796 834 1.7966726 -0.27342153
7 736 595 1.965027 -0.74714077
6 1019 820 2.2340508 -0.74462044
4 604 341 1.9831948 0.4046982
9 822 676 1.7481328 0.23489684
7 310 1651 1.9797195 0.5541026
5 411 595 0.9780423 0.23713762
7 974 236 1.8637708 -0.48119378
5 193 564 1.7698299 -0.7201284
2 835 561 1.9421586 -0.76621866
6 961 1410 1.8395127 -0.2617206
1 199 737 1.7142094 0.08252001
9 184 615 2.172457 0.43596464
9 563 242 1.8981434 -0.4351296
5 316 1440 0.89414096 0.23419803
5 222 1425 1.7608929 0.54860145
3 989 1064 1.9255286 -0.7659037
2 418 1647 2.1333883 -0.056201637
9 210 451 2.170281 0.6470379
6 109 165 1.8552686 -0.48010126
0 844 1394 2.2610202 0.4476691
4 797 1119 1.6281468 0.4333238
0 651 1074 1.8360475 0.39006573
5 663 999 1.5560137 -0.58605117
1 623 181 1.9358424 -0.6381233
6 655 284 2.0416315 -0.0770548
7 819 975 2.2624316 0.6598241
3 684 1827 2.1837165 0.6603634
9 840 41 2.0964916 -0.06883222
6 263 1475 2.3635883 -0.5191716
7 381 1170 1.0532309 -0.12861508
3 307 479 2.383049 -0.5117779
1 239 928 1.9949008 0.30850583
5 382 910 1.7012575 0.5227974
0 1003 907 1.9195042 0.71458966
2 765 1188 1.7465043 0.45486623
1 868 561 1.9971541 0.7693134
5 206 1076 2.2451017 0.69029886
5 72 689 1.8595966 0.3569935
3 471 1792 1.9445177 0.19847703
9 947 1340 1.8273717 -0.6035447
6 536 1700 1.7872746 -0.44732374
9 311 221 1.8871362 -0.7065411
4 612 378 1.922269 0.52423304
0 767 1203 2.0597332 0.523011
6 694 1692 1.8121785 -0.5843992
1 551 1596 2.207398 0.6752003
7 227 1803 2.0966175 -0.43237877
5 76 637 2.123999 0.37502724
4 649 1809 2.1036642 -0.59509003
0 254 1659 1.9506255 -0.3111923
2 420 1676 2.2006674 -0.31152
9 1018 1531 1.9855283 -0.7033209
6 468 1741 2.1206567 -0.25968975
2 855 483 2.0612643 -0.6361548
8 39 861 1.8664101 -0.6380281
1 112 781 2.0805914 -0.015546262
3 901 657 1.9278017 -0.13425112
0 42 615 2.1382563 0.06323296
5 988 1795 1.9632336 0.4140877
1 779 231 2.1022472 0.4292454
4 961 936 2.0863056 0.09765732
9 888 944 1.9290307 -0.54356885
8 390 1603 2.1284165 -0.1934604
2 63 1348 2.027527 -0.23719472
6 430 1828 2.1428447 -0.25131845
8 479 512 0.60923815 0.6980652
3 649 1037 1.4399985 -0.0730685
7 461 1737 2.0915313 0.061522245
3 960 898 2.0647774 0.41927332
9 200 613 1.8397553 0.4613307
4 172 256 1.948195 0.5600478
4 886 1710 1.9737478 0.31443423
3 74 239 1.7432089 0.59760636
2 125 1267 1.7387563 0.4358353
1 863 1449 2.0408907 -0.76096827
8 736 404 1.8945216 -0.5663215
3 637 518 1.26278 -0.65048474
7 905 660 1.7365328 0.3417216
6 198 827 1.857705 -0.4881042
6 328 1854 1.6077657 0.11553955
2 899 270 1.9718171 -0.21289468
2 273 337 2.0783741 0.5395121
3 193 449 2.0814772 -0.7711551
3 76 808 2.370935 -0.67939353
0 384 980 1.6726775 -0.30690017
8 753 1264 1.927922 0.7439998
1 933 1403 1.8562199 0.5013142
2 73 1102 1.686899 -0.44791612
4 451 1567 1.630524 -0.4757479
2 491 272 2.0233767 0.19817042
4 1012 162 2.2734082 -0.74157166
3 1025 671 2.1857615 0.49666268
2 110 488 1.7829272 0.4695652
8 305 867 1.8098756 -0.6464554
1 48 282 1.7170819 0.60186726
2 127 463 1.8614054 0.15765154
1 237 634 1.7501568 0.6569043
7 220 263 2.112353 0.59605354
0 321 427 1.9949496 0.18879557
0 919 1768 1.9648733 0.5333088
9 830 1438 1.8989528 0.60131997
4 714 1818 2.1864042 0.53871113
7 229 573 2.0298204 0.7068636
5 937 236 1.8445829 0.75748783
8 672 337 1.8677418 0.22249728
5 124 932 1.9759898 0.019702613
8 488 1549 1.4330077 0.5312968
4 721 258 1.9917705 0.053376734
5 851 1455 2.1421995 0.7229906
7 768 1235 2.3080966 0.58266944
5 75 571 2.1746335 0.5282349
0 811 42 2.0402246 0.7106115
4 89 1462 1.7246928 0.035202324
0 674 1034 1.8394966 0.4497214
2 628 1738 2.0220284 -0.2228564
5 308 1136 1.9030241 -0.53276145
6 847 586 1.6412697 -0.75758034
3 718 1125 2.2183974 -0.69942504
3 373 560 1.7139814 -0.57441694
9 811 763 1.9608244 0.52646893
1 830 1503 1.796469 -0.15786129
7 192 1027 2.0430264 -0.026236355
9 807 565 2.0231142 0.6134221
1 916 234 1.9430368 -0.4255616
9 288 733 2.0627503 0.23440331
5 683 632 1.2885743 0.105401814
7 536 1658 2.2563255 -0.7738514
9 645 1128 1.1695791 0.52303845
3 992 1207 1.9073668 -0.014712632
6 134 224 1.8091784 0.26013762
6 1021 1491 1.980548 0.31472546
1 204 640 1.9793684 -0.5222703
0 776 960 1.9426467 0.31008786
1 961 611 2.3275712 0.21893352
6 816 1239 1.8551768 -0.15762353
3 844 757 2.1031902 -0.69157726
6 786 291 1.9953659 0.4167865
4 126 1323 1.7760211 -0.1775459
8 921 1218 2.1091533 -0.1438824
6 954 237 1.9940964 -0.23003495
4 320 1043 2.206498 -0.43767992
7 699 862 1.652914 0.0032864213
9 77 1044 1.8161916 -0.014578223
3 193 1643 2.0936387 -0.025894165
9 92 1794 2.0190594 0.52662593
1 188 955 1.9418955 -0.34486133
4 262 1318 1.9181262 0.007953286
2 376 1656 2.105521 -0.096523404
1 654 555 1.1212368 -0.6324688
6 271 605 1.8843703 -0.24256533
5 305 314 2.0513928 0.13286984
8 1020 1044 2.149618 0.41349715
5 125 1564 1.7027599 0.27768427
3 855 399 1.8781161 -0.3182191
3 936 142 2.0466263 0.077762425
2 272 608 1.8270397 0.5772658
6 60 1776 1.9638942 -0.38510016
5 189 1224 1.903122 0.45697063
1 811 1366 1.7219255 -0.5528183
7 820 1374 1.8012024 -0.42494902
0 42 248 1.8193957 -0.5986585
8 274 1647 2.2788577 -0.22582412
6 173 814 2.0692234 -0.46720532
8 842 193 2.389305 0.069251716
2 163 93 1.942863 -0.46506348
8 235 441 2.0643785 0.5188982
6 882 923 1.9820218 0.55648845
5 876 276 2.2060971 0.10543966
8 252 645 1.97905 -0.47450042
2 755 1271 1.6911725 0.30590433
2 897 430 2.1028416 0.19873863
4 302 373 1.9854438 0.43961352
2 653 970 1.3935544 -0.21556485
6 321 708 2.1415327 -0.42424577
5 153 1120 1.7887553 0.44443053
7 181 615 1.8188071 0.503758
0 804 89 2.0331717 -0.5058981
5 582 1573 2.1586194 -0.2540446
3 396 1063 1.7184552 -0.223485
6 68 1194 2.229073 0.17395908
6 447 1034 1.0383203 -0.6614636
0 1023 962 1.8777024 -0.52761376
3 378 1696 1.7767622 0.53552884
9 167 119 1.9397196 -0.70720524
9 684 645 1.1396236 0.40229994
1 900 309 2.200434 -0.5599731
0 390 658 1.1559979 0.22072512
6 88 866 1.6783277 0.26723307
9 209 1656 2.3046756 0.020805717
3 246 847 1.9638971 0.271627
0 160 1043 1.9261584 -0.05180043
2 442 545 1.0951413 -0.55693054
9 744 1706 1.7255439 -0.76288074
1 103 99 1.7162377 -0.71999097
5 253 1152 1.990372 0.13548177
3 898 271 2.2780147 0.090004146
0 570 223 1.7661897 -0.051134527
1 475 74 1.8694307 -0.08084476
0 233 431 1.7419243 -0.025998771
6 52 1706 1.9879223 -0.18079466
5 562 385 1.7079268 -0.5868204
8 312 875 1.6436414 0.11294186
6 633 60 1.9912088 -0.15865523
9 105 787 2.2327511 -0.511217
5 216 940 2.30088 0.2670117
8 548 1699 1.9901814 -0.4416043
6 612 1567 1.999696 0.21135879
5 613 551 0.9142142 0.3916641
1 549 1575 1.8198569 -0.73320687
4 830 613 2.120236 -0.18189853
5 751 1109 2.0304644 0.26985782
7 934 479 2.0944114 -0.4973795
1 89 1733 2.080714 -0.21176416
7 879 307 2.1551611 0.6071159
8 103 1784 2.2129233 0.6887732
3 701 978 2.1171212 -0.144404
3 360 532 1.8730426 0.69124264
8 325 280 1.8685893 -0.35496143
8 421 863 1.6810049 0.06475133
8 93 1647 1.9424286 0.5732328
1 258 618 2.0790358 0.29219025
6 333 1479 0.91764784 -0.36891985
3 141 1433 1.7641292 -0.30994353
9 959 1573 1.858725 -0.052622855
9 977 1534 1.9535276 -0.68687767
9 854 1859 1.916411 -0.16180277
6 318 1555 1.8367358 -0.31224683
5 1026 620 2.028219 -0.26964742
5 944 656 1.8449193 0.44971377
2 936 1075 2.2070818 0.20627874
6 73 133 1.8946385 0.17564672
3 766 173 2.0540698 0.7612367
2 755 499 1.8162622 0.25095016
5 1006 737 2.2481022 -0.3834069
1 816 1167 1.8377111 0.11370438
2 985 1416 2.3475401 -0.054707706
9 280 1265 2.1454782 0.029833913
8 917 695 2.0175512 -0.19939154
7 487 207 2.0240927 -0.44747037
8 142 1499 1.7817262 -0.21575594
6 777 1749 1.8139404 0.25004596
7 121 1827 1.8284057 -0.68725854
3 619 1155 0.7419455 -0.20370036
7 419 267 2.2201874 0.39483327
5 887 1482 2.2828932 0.06885189
6 679 1724 1.928111 0.7162278
3 297 1155 2.0649376 -0.34197998
7 938 878 2.0075881 0.554282
7 431 905 0.96319914 0.65211076
2 486 1770 2.0402858 -0.30639347
5 175 1406 1.9523447 -0.5699821
6 820 372 1.9142319 0.5429917
2 555 1784 1.9759741 -0.018520951
1 643 391 1.8902575 0.4640413
2 191 257 1.9946145 -0.37428036
0 63 67 2.2649918 -0.14752865
7 828 283 1.8343432 0.7835031
9 408 1750 2.0877697 -0.48736942
8 923 266 2.1938486 0.38469154
8 941 1842 2.0497003 -0.2359212
0 654 222 2.2988331 -0.2814204
2 186 393 2.102728 -0.26269132
4 192 1669 2.0358994 -0.75447625
0 356 1683 2.1941001 0.49531633
3 391 1827 2.152311 0.5981024
1 721 528 1.9128001 -0.40892085
2 687 1715 2.2084355 0.55058986
7 700 794 1.9163834 -0.041138113
6 348 821 1.8620534 -0.6389829
1 522 1547 1.5970258 -0.3473857
0 406 1541 1.5865134 -0.37148356
4 112 1518 2.0569744 0.2639013
6 672 375 1.980452 -0.6162987
2 966 40 2.1923375 0.4341095
5 91 1637 2.0527751 0.48075598
1 955 1065 1.6691275 -0.77539593
6 906 1547 2.3401155 0.12473583
0 264 816 2.23707 -0.5870442
7 114 759 1.9777576 0.50719017
2 958 1073 2.145014 0.7219413
6 83 1580 1.9310787 0.49024576
5 439 156 2.2181437 0.7595083
0 43 922 1.9222174 -0.4133008
3 954 617 2.1631658 -0.32372558
2 593 1599 1.9584142 -0.13089806
2 406 1675 1.8146261 -0.22130966
9 395 835 1.6617324 -0.17658776
7 70 148 1.9662633 -0.27263373
1 255 1020 1.990004 -0.093765795
9 959 168 2.3029332 -0.38746387
9 629 247 1.8736628 0.5784115
0 757 754 2.1402338 0.012731016
4 98 1131 2.0343945 0.5081859
9 352 759 1.7873657 0.65508515
7 68 593 1.9791378 0.7693437
0 360 1623 1.966208 -0.58816135
0 97 1079 1.9247252 0.16378158
6 838 905 1.8930124 -0.003401637
4 439 112 2.1269546 0.4410978
5 992 1530 2.0392594 0.24208504
1 776 1165 1.9808905 -0.6819907
6 169 270 1.9887412 0.47008628
8 62 1808 1.7219266 0.36550122
1 63 1346 2.039714 -0.20203334
7 283 580 2.2160966 0.31923097
6 85 796 1.9543562 0.4437278
8 709 156 2.2612665 0.6369757
2 920 743 1.7359749 -0.1528061
8 409 415 2.3012674 -0.5635158
6 711 1118 1.9109029 0.59224814
7 716 1324 1.0975769 0.1886878
8 560 1821 1.923241 -0.004668057
3 140 1391 1.8770231 -0.021444082
7 201 1340 2.0039003 0.22886723
4 899 1377 2.1775053 -0.48010585
1 112 631 1.98448 0.113075376
1 934 1641 2.2120318 -0.2506773
9 70 1197 2.2495549 -0.6234368
7 955 692 2.1375968 -0.75658345
7 271 532 1.777717 0.6282199
6 326 220 1.9378353 0.6371862
7 309 1381 1.2300159 -0.17411637
5 719 1658 2.0323534 0.0033184886
0 688 1515 1.26531 -0.1046077
9 250 1077 2.017289 -0.6957136
1 866 487 1.7868156 -0.75996596
5 448 1609 2.1884193 0.49252182
2 775 626 1.8215778 -0.2211904
1 1014 1525 2.1992357 0.3446284
5 158 622 1.7113105 0.062280893
3 179 1082 2.0905924 0.48340577
1 253 185 2.068553 -0.7209577
7 958 1752 1.9141732 -0.60643363
2 714 1509 1.208463 0.14328283
8 813 1344 1.7931135 0.4444397
7 607 92 2.2180233 -0.45847714
2 742 1277 1.6371433 0.35803825
4 281 291 2.0778668 0.31039578
3 255 431 1.7795098 -0.29128867
9 321 1392 0.78455216 0.5274311
5 929 66 2.0222247 -0.42674702
9 691 1628 1.8376753 0.5743533
0 954 589 1.9275063 0.10020083
4 133 1677 2.1077843 -0.36117628
5 772 390 2.242501 -0.4236505
8 647 1672 2.2276316 0.7504055
9 88 1617 1.697639 -0.01794678
5 916 781 1.9176041 0.26023883
2 864 1222 2.1443903 0.13152122
6 975 1201 2.1925886 -0.17996085
8 198 1170 2.2679577 -0.19132489
4 93 882 1.9563631 -0.33736035
3 539 1519 1.1141828 -0.42052984
2 988 1480 1.7112405 0.34078997
1 989 1615 1.8960816 0.41157073
0 769 512 2.25257 -0.51450217
7 517 229 2.0203977 -0.1949271
4 683 543 1.331064 0.06979406
9 788 59 2.1534963 -0.015502453
2 209 217 1.9193053 -0.3294533
9 708 972 1.7621561 -0.71216655
2 569 293 1.9699669 0.18963885
1 603 179 1.8168445 -0.45148948
9 399 250 2.1239634 0.46861798
9 657 334 2.103802 0.094845474
4 153 816 2.0118444 0.3976608
1 112 1000 1.9549257 -0.07586175
5 863 1036 2.0059626 0.100761116
7 763 655 1.7598968 -0.60972685
9 702 1549 1.7511253 -0.17077589
4 105 1437 2.1456864 -0.476698
2 220 367 1.922134 -0.42500874
0 781 1583 1.998906 -0.41457188
7 957 211 1.8074399 -0.3432065
4 305 702 1.9507161 -0.5688698
5 991 1798 1.8491409 -0.55257416
3 719 439 1.8466468 0.7033852
4 309 415 2.1362743 -0.37338755
2 100 571 1.9775566 -0.3567923
7 595 248 1.9429641 -0.19543445
9 390 1084 1.9941418 0.7508629
3 650 1578 1.9934314 -0.48536843
8 1051 1598 1.6915667 0.24913198
8 725 1490 0.9067232 0.462287
1 111 1418 2.116058 0.5827139
3 423 1590 1.8649491 -0.5167594
6 832 257 1.942197 -0.46350825
5 93 384 1.8942099 -0.7560257
2 285 1495 1.7251459 0.6007628
6 932 1652 2.3443096 0.2100966
7 884 1723 2.0407047 -0.42000037
1 979 1778 1.779855 -0.4313673
1 892 683 2.249464 0.100575924
0 446 425 2.3430095 0.16148853
0 142 1273 1.8885927 -0.56499255
4 1009 291 1.9185059 0.42674118
5 301 1390 1.1823348 0.78429776
1 185 1614 1.9186531 0.35586935
3 995 669 2.142979 0.28641182
8 925 394 1.9098223 -0.34135756
1 715 241 1.9751469 -0.39646795
0 757 284 2.103988 -0.3849322
1 487 269 1.934087 0.3211723
6 998 1550 2.228888 -0.087534845
9 268 1570 1.9315548 0.23364514
3 60 136 2.048892 -0.06287372
6 271 140 1.914261 -0.3404669
8 680 1711 2.2833798 0.7662317
9 821 625 1.9173636 -0.41496176
1 825 1327 2.1257343 -0.07207483
5 986 1560 2.2056513 0.49788886
2 142 571 2.0510292 -0.11249566
4 192 345 1.8276569 -0.6916567
4 366 892 1.927999 -0.59361076
1 268 701 2.0488265 -0.44661742
7 428 514 1.8275632 0.19518876
4 815 172 2.022342 -0.2793753
7 606 1580 1.808355 0.3450454
9 986 987 1.6834449 -0.21616918
9 506 1686 2.1881928 -0.27359873
9 773 106 1.6260161 0.7734266
7 512 1725 1.9207581 -0.55142003
6 694 1211 0.84678876 0.009999812
8 912 409 1.8628175 -0.6924676
5 167 649 2.2305827 0.4778914
4 701 1041 2.1335342 0.013091803
1 818 160 1.6419989 0.44749898
0 250 946 2.087273 -0.46192363
2 860 1416 1.833707 0.7738747
2 403 869 2.3194513 -0.4508002
4 744 888 2.2150226 -0.7420934
3 969 990 1.7362195 0.3617149
7 251 1837 1.9317832 6.290674E-4
4 488 1712 1.8568864 0.10336703
7 573 1590 1.8286849 0.2552579
5 839 1612 1.8372036 -0.22564524
8 575 1611 2.2546935 -0.1511836
0 174 481 2.0175745 -0.40795416
9 352 293 1.9848622 -0.46458563
3 916 854 2.020335 0.36949545
2 113 1372 1.9564966 -0.2002489
5 332 546 1.7810599 0.39163023
2 1045 1805 2.057865 0.60982877
6 1020 1245 1.7201312 -0.65906453
8 317 1755 1.9684148 0.63165766
9 850 1149 2.2065756 -0.19273001
9 744 561 2.1657608 0.62786156
9 56 714 1.8035064 0.24539238
3 915 232 1.9951489 0.019107342
6 222 1845 2.3557978 -0.20748365
8 341 565 2.08885 0.74938136
3 70 449 1.6367621 0.2339564
4 900 642 1.7766607 -0.011248767
8 888 1761 1.9036461 -0.16701871
6 304 759 2.2841234 -0.27572095
4 215 456 1.7544633 0.76613086
6 941 1477 1.7392277 0.7160217
8 273 917 2.1894426 -0.55007774
1 313 1117 1.8541406 -0.65254235
7 120 447 1.9207164 0.5762338
3 972 1428 2.2167332 -0.20910412
3 927 1719 1.9793311 -0.6694133
3 59 1261 2.0377398 0.59208983
9 962 751 2.0381398 0.7525235
9 108 483 1.9979854 0.05715978
9 677 1508 1.1231545 -0.49836382
8 278 586 1.6377951 -0.38497695
6 75 1629 2.2019422 -0.087052405
9 257 1187 2.0634282 0.1281535
8 470 1616 1.7569607 0.062089026
1 718 1657 2.1087348 -0.40081006
8 147 929 2.0998528 0.6896464
9 761 1825 1.8986344 0.6293548
1 556 1696 2.145631 -0.5450429
9 1053 1345 1.931023 -0.40897986
4 735 1877 2.0596468 -0.74523735
9 38 1621 1.7387246 0.02055633
3 413 1717 1.8293355 -0.34935233
6 719 1188 1.5594761 -0.25701612
0 849 1195 2.2663543 0.7648662
3 75 589 1.8470443 -0.04900837
8 784 173 1.8468335 -0.43988416
6 615 1720 1.9970685 0.44389218
4 790 363 1.9196132 0.4117381
9 922 501 1.9682456 -0.7185854
5 387 287 1.7403283 -0.70775455
2 206 859 1.7135237 -0.3201171
2 245 1051 1.9020922 -0.043369234
1 703 1511 1.2116859 0.27744156
8 972 1652 1.9812404 -0.6112661
4 228 1574 2.0889957 0.46620065
3 291 337 2.309484 -0.77589226
6 974 741 2.0040905 0.35356277
4 821 867 2.1909544 -0.040192842
4 616 271 1.6712055 0.22740358
8 629 73 2.0071955 0.5855221
2 413 538 1.4678926 -0.68717563
0 179 1193 1.894071 0.30586237
3 750 718 1.8891213 -0.18496591
7 924 649 1.9379554 0.6539709
9 484 121 2.1969168 -0.2584992
5 366 920 2.0664961 0.3267817
6 293 160 1.9154208 0.1964221
3 172 865 1.8854188 -0.7625701
8 688 1192 0.7592973 0.76428574
3 354 574 2.0310364 -0.18859905
9 1003 121 2.3152478 -0.50335217
6 618 1569 1.9301035 -0.44109178
2 61 1384 1.8332559 -0.7448167
2 184 929 1.6889365 -0.6973558
9 235 139 1.8572954 -0.53123647
6 409 269 2.2511222 0.37947446
3 65 962 1.9691093 0.083257616
5 206 101 1.8206527 0.070934415
9 1013 1032 2.018313 -0.38325712
5 67 1373 2.1184807 -0.03739649
0 775 357 2.0184278 0.78175026
9 981 546 1.8973745 -0.20340228
1 908 1565 2.1577153 -0.53609174
1 135 137 1.8789781 -0.20566243
5 921 212 2.150277 0.7614985
5 179 1600 2.235368 0.18485683
1 618 355 1.8623176 -0.2958363
9 382 246 2.046381 -0.5645466
2 177 1847 2.0612762 -0.17501509
9 652 1799 2.0044684 -0.68206793
7 386 217 2.2675102 -0.2196542
8 118 626 1.8511317 0.71381277
9 254 1068 1.6776115 -0.35533854
8 233 981 1.9884063 -0.70640826
5 218 702 1.8553371 -0.50473976
1 846 670 2.0305245 -0.038799107
6 632 242 2.136073 -0.67986006
3 916 1252 1.8084416 -0.47930104
5 511 329 1.8560585 0.025622725
0 853 335 1.8199992 -0.1633122
3 800 422 1.8975989 0.54373044
1 617 1768 2.154866 0.7300598
6 245 1390 1.8347453 -0.4144763
2 846 686 1.6678873 0.6217213
2 873 1038 1.6610812 0.48989636
1 688 249 1.8610666 -0.2615595
5 399 591 1.2643828 0.18604356
0 728 1521 1.5215163 0.3688571
3 247 1673 1.771472 -0.07599628
8 515 243 1.9466168 -0.2983692
9 945 865 1.8140458 -0.77321416
0 277 1262 2.1409156 -0.62431467
3 725 176 2.0384452 -0.41814318
7 368 1053 1.84572 0.13259393
3 70 1001 1.9590802 0.297437
4 838 1875 2.2308965 0.77487344
4 588 56 2.1248603 0.46445674
4 795 1580 1.9548113 0.06250727
3 146 165 2.0072517 -0.056625485
2 225 141 1.9095352 0.21417308
4 213 1142 2.1105669 0.23106009
5 170 454 1.8978593 0.40214497
1 970 1485 2.0509248 0.65495294
4 270 1541 2.0252523 0.46035177
5 206 1311 1.7759902 0.28223187
1 775 243 1.9139782 0.12805921
2 68 1064 1.6684297 -0.70816773
7 1006 1626 2.0038254 -0.28092092
9 375 1292 0.8592425 -0.44348785
1 236 1267 2.1497922 -0.7483785
8 398 928 2.2958314 -0.03660047
0 466 317 2.095117 -0.3456096
4 351 583 1.5269665 -0.091707766
4 158 1718 2.297068 -0.51633435
6 735 1477 0.8221848 -0.33032128
7 287 276 2.0511918 -0.12800276
5 720 774 1.9789934 -0.02923578
3 732 491 2.2394807 -0.2723236
7 728 919 1.7002828 0.55198497
3 918 1415 1.8065518 0.62955064
5 1023 1413 1.9512194 0.7545065
8 859 286 1.9005356 0.33578342
5 711 774 1.808913 0.009524286
2 894 505 1.7758857 0.67191976
2 764 1193 1.8210843 0.18856418
0 738 1019 1.9244432 -0.41897112
0 802 1596 1.6178257 0.5287636
5 282 1263 2.0369515 -0.02468729
4 842 170 2.156402 -0.13561565
7 660 486 2.15477 -0.11222553
3 624 1725 2.0495672 -0.36713102
3 986 1539 2.0050786 0.46729213
5 396 907 1.7259495 0.7308443
1 930 1386 1.9831083 -0.70830834
2 711 306 1.879733 0.47451276
5 305 692 1.963962 -0.194664
2 581 1682 2.0461955 -0.0303877
5 967 908 1.8869418 -0.2914879
5 1012 424 1.802442 -0.3933894
4 363 1859 1.8131564 -0.33104923
3 320 793 2.2546444 0.06796318
1 954 1443 1.6923261 0.41368872
0 475 1557 1.9149753 -0.72181326
9 204 952 2.3033364 0.24168366
1 186 890 1.9252369 -0.3775295
2 919 1206 2.1405885 0.34872967
6 641 165 1.9710753 0.69295377
8 133 1864 2.0737264 -0.13482225
7 66 906 1.9322869 -0.6723033
5 294 898 1.6837351 0.5173678
4 329 1515 1.2916824 0.055861652
6 284 1352 1.8843817 -0.24404097
8 23 1665 2.1066897 -0.53648084
0 1018 1278 1.834465 0.26094812
4 861 1667 1.9455347 0.61160725
3 974 143 2.026581 0.5974838
5 843 536 1.743936 0.13881809
8 623 540 1.1561695 0.11298931
1 730 1217 1.1380358 0.40660173
5 279 1497 1.9406031 0.020418525
4 663 1743 1.7058097 -0.6391005
5 134 336 1.7986995 -0.6012144
5 786 1703 2.0220916 0.085175276
7 862 933 2.0433698 0.2371158
5 81 1707 2.1316538 0.7260688
0 335 1257 1.6257377 0.36548024
5 103 1399 1.9517407 0.6907218
8 708 1779 2.2306564 0.64952904
5 734 546 1.9249047 0.7227797
6 115 512 1.786254 0.33783585
4 956 967 2.0620255 -0.15889835
0 147 857 1.8563927 0.44015962
1 620 332 2.0510364 0.1727218
0 1018 1231 2.1731386 -0.08716726
5 106 1434 1.9543866 0.119911134
9 636 372 1.8852246 0.77416116
4 868 427 1.9898704 0.73404294
9 139 937 1.8644022 -0.7309885
0 723 453 1.8726381 -0.5435811
8 187 316 1.6708385 0.52510756
1 228 265 1.6592419 0.030104399
3 271 1574 1.839058 0.13252944
4 745 1309 1.3376232 -0.12799752
7 81 151 2.0793605 -0.39624128
0 96 1206 1.9715443 -0.53480077
3 372 295 1.8133461 0.5704387
1 526 1620 1.664577 0.014230967
6 659 930 1.1779352 -0.5482771
6 988 1742 2.04189 0.45146757
4 748 1130 1.9834404 0.5726425
4 832 1542 2.1019118 0.73373526
9 632 295 2.0581822 -0.4363449
2 246 1332 1.6902941 -0.31884623
8 577 83 2.0600407 -0.07034111
8 889 313 1.7608814 -0.09790337
0 797 826 1.8207889 0.7637841
6 250 463 1.852524 0.20257622
7 756 657 1.7785541 -0.3533826
6 235 297 2.094874 -0.34733525
3 155 425 1.9879699 -0.4951807
1 418 848 1.1199231 -0.2377826
2 933 1374 2.2816963 0.7155492
9 266 1024 1.9025575 0.24363297
8 761 1163 1.7446861 0.3214292
8 137 183 2.1093698 -0.110945284
1 783 427 2.0654294 -0.19030452
3 987 363 2.0816565 0.5680426
3 324 1623 2.1004424 0.6263593
5 255 1543 2.0736408 -0.49556905
2 584 1707 1.8956786 0.04153341
0 276 813 2.319304 -0.66150856
9 927 283 2.0407882 -0.5509811
4 685 134 2.3186572 -0.41962886
8 796 102 2.1068342 -0.20506412
6 1023 1381 1.902829 -0.46141934
9 732 1506 1.5039574 0.5925184
4 740 1605 2.1160095 -0.2250818
3 366 1585 2.063077 -0.7743681
8 436 123 2.0023875 0.3118648
5 647 1084 1.7136086 0.42087966
1 1024 1541 1.8996271 -0.55685705
8 891 736 1.8087156 -0.45640367
3 94 481 2.1380591 -0.6592643
9 330 495 1.9721484 0.045191646
2 305 1090 1.6441538 -0.46003675
8 818 508 2.0131946 0.51124233
0 658 565 1.0883076 0.05754769
8 347 690 1.8003961 -0.36360466
2 384 811 1.9322172 -0.60864806
7 96 718 1.8746606 -0.32117236
8 271 818 2.3249195 0.057715952
8 794 1436 1.8370602 -0.24580497
4 849 1793 1.8939416 -0.5425931
3 856 1860 1.9239581 -0.5362254
0 361 285 2.0915809 0.34961575
8 262 802 1.9054271 -0.24070859
6 781 1225 1.8453051 -0.52546924
4 122 1116 1.8220923 -0.7166915
4 752 385 2.0334668 -0.65463924
5 480 347 2.0708373 0.08659905
1 297 661 1.8176162 0.7803865
8 312 1117 1.8600272 -0.30288005
0 909 383 1.7726971 -0.19204354
0 321 856 2.0262764 -0.5017649
6 389 234 1.7374874 -0.6193272
8 845 729 2.1772506 0.6867251
8 104 1822 1.7519857 -0.048995912
7 106 323 1.9681294 0.389046
9 310 1476 1.0228301 0.7211916
0 1005 221 1.7840592 0.5260193
8 690 265 2.0662224 -0.6826453
8 266 1858 1.9044074 0.5277664
3 234 476 2.1416059 0.014504552
6 286 930 2.0523956 -0.38452622
7 418 468 1.949931 -0.05295837
1 678 1009 1.8092686 -0.7374662
8 74 378 2.093715 0.020203054
3 94 1318 1.8000051 -0.29581916
6 222 1354 1.9522839 -0.3320768
7 871 1782 1.9385374 0.19120407
6 659 1582 1.9060287 0.7190835
1 183 1126 1.9039251 -0.056107223
3 754 141 2.0791674 0.7036179
5 570 178 2.2383518 -0.15374666
6 304 1800 2.1923466 0.12246072
5 243 1027 1.8418072 0.5608383
1 774 1275 1.9093858 0.026292086
2 334 1321 1.4906031 -0.2614059
9 102 382 2.3630664 -0.5609971
1 170 1826 2.0178165 -0.71537846
5 285 837 1.8801244 -0.20934737
5 913 1103 2.196313 -0.5215349
2 307 1473 1.2982751 -0.17061585
0 246 778 1.6674427 0.18666327
8 733 911 2.0184257 -0.41900858
8 961 902 1.8107932 0.60150665
5 380 789 1.837435 -0.1875385
5 393 773 1.6093557 0.002239287
1 819 734 1.8792616 0.22036475
1 245 419 2.0195677 -0.18268406
8 885 1445 1.6932509 -0.5491999
3 332 1132 1.9339163 0.49034148
2 895 125 1.8540667 0.060051084
6 231 281 1.8631108 -0.6536521
8 203 1628 1.8906075 -0.25777543
9 617 1123 0.9101925 -0.38465178
6 423 242 2.2689798 -0.53438103
5 181 1599 2.2103195 0.04625666
7 445 853 0.9316974 -0.52634954
7 865 1819 1.8318435 -0.0697934
8 725 1537 1.7145118 0.0583511
8 409 1833 1.9072188 -0.68637025
6 138 1482 1.9982663 -0.24230373
5 234 495 1.790096 -0.5103975
6 583 1559 1.693696 0.22155541
9 470 331 2.0263293 -0.38246644
0 810 1273 1.8110685 -0.57103944
7 212 1445 2.1266615 -0.08032757
9 396 507 1.6336994 0.11264646
9 254 871 2.236155 0.63453406
0 337 704 2.1381369 -0.7506051
5 101 587 1.9724666 0.07894206
1 231 580 2.1938698 -0.5268676
0 72 1214 1.9842407 0.20520085
0 216 1856 2.0770154 0.11941552
1 86 88 1.912563 -0.49247012
0 306 852 2.0826416 0.6325411
8 143 651 2.1211784 0.33898968
3 263 278 1.810497 0.009440124
2 751 142 1.990683 0.10256082
5 846 382 2.083712 -0.022402465
5 1012 726 2.0569642 0.55527705
9 1004 582 1.8010299 -0.17581427
9 550 1730 1.9665757 -0.5255481
6 328 573 2.1913645 -0.10311949
1 129 573 1.927053 -0.16260785
8 708 1631 1.8109857 -0.06436688
7 205 941 1.900052 -0.5084889
1 631 1143 0.880516 -0.6176292
8 49 1382 1.8093253 0.43662328
9 917 937 1.8009821 0.62282985
8 380 346 1.6989559 0.5446417
3 409 1782 1.701657 -0.073663175
5 99 666 1.9622738 -0.1182788
2 789 375 1.875637 -0.5058416
5 263 1392 1.9235103 0.33956784
7 957 478 1.8029302 0.740447
5 813 476 1.8735399 -0.40988868
7 114 1696 1.8402976 0.37211877
2 992 631 1.9483951 -0.2110982
9 750 1814 1.8999562 0.12613088
6 328 745 1.9455179 0.74774
8 378 1147 1.334903 -0.22498417
6 610 171 1.9306896 0.51335675
3 952 420 1.9605143 0.4171793
7 1016 75 2.036441 0.36122483
6 848 1226 2.051397 -0.16267443
1 915 927 2.098143 -0.19642687
5 1015 196 1.7348226 0.057099044
3 147 458 1.9124638 0.6182385
8 151 1286 1.7038156 0.40007788
9 630 1671 1.7957649 0.4577369
4 325 971 2.0268195 -0.20934337
3 273 1248 2.029021 0.12355399
4 71 1607 2.2629557 -0.3974907
9 127 1405 1.8924005 -0.5545206
1 907 489 1.9137986 -0.7239018
2 406 1093 2.0840538 -0.19179964
0 207 996 1.9378697 0.663107
8 168 826 1.990844 0.4225027
4 904 1179 1.9181131 -0.20164824
3 280 152 1.9914917 -0.7292829
2 677 870 1.5392661 -0.5687258
6 368 416 1.9781544 -0.4553908
7 68 1515 2.3521712 -0.35615498
1 705 1000 1.9901073 0.31270915
1 142 531 1.9766012 -0.74339235
6 1028 1807 1.8126341 0.325746
1 334 1112 1.6370153 -0.39473286
5 826 1015 1.811621 -0.3801752
5 76 798 2.1143334 -0.5886241
1 191 1555 1.7842337 -0.084276915
2 826 865 2.238871 0.58054525
7 396 398 1.7244743 0.30624717
0 236 616 2.0585902 -0.76902837
5 594 1735 1.8616006 0.67492956
8 843 550 2.1468222 -0.5329143
8 836 1766 1.8952813 0.07374072
8 375 973 1.9366953 0.06878251
7 456 1649 2.0318632 -0.09547615
1 396 230 2.000562 0.47029382
5 966 1043 2.2596452 0.46946353
8 942 865 2.0008385 -0.20245016
9 796 435 2.0160992 -0.5891738
9 908 600 1.8795928 -0.7498121
8 194 404 1.8874755 -0.5590175
1 933 1082 2.3032184 -0.6166844
7 317 348 2.1579506 0.40982693
2 1038 1763 1.9514443 -0.774096
2 864 1230 1.8698969 -0.5272101
0 706 247 1.8810772 0.44136184
9 229 172 2.1176102 0.71969694
2 107 110 1.6701764 -0.71196073
5 782 1031 1.9605471 0.22006303
8 218 347 2.1506577 0.7658635
2 926 1125 2.1396759 -0.7123846
9 192 1034 2.1938796 -0.5948903
5 861 154 2.1235683 0.7261999
4 289 742 1.8994772 -0.7742744
5 983 985 1.9275516 -0.3712051
7 647 814 1.1525487 0.5705361
0 341 792 1.9376149 -0.02898401
7 496 257 2.233424 0.46358114
3 308 1365 1.3539767 0.33400863
6 688 1088 2.0560791 -0.31381977
2 985 1755 2.279702 0.5772508
7 817 1500 2.272219 -0.0053583384
6 430 220 1.7143213 0.07630974
0 506 1506 0.83558434 0.22814351
2 693 1114 1.9167804 -0.12788767
9 632 1692 1.9954472 0.71405345
8 349 1224 1.2306494 0.5717588
7 465 1763 1.7352622 -0.45440653
6 445 837 0.7844845 0.2070058
0 520 352 1.9105145 -0.25501138
3 508 160 2.1634502 0.67706007
2 587 1610 2.0705714 -0.12042695
0 740 1122 1.8213681 0.4546029
6 80 1248 1.8496717 0.47088093
7 831 80 1.7757392 -0.78448653
5 721 647 1.7500187 0.5890495
8 967 1406 2.1502953 -0.03245628
3 837 982 1.9593153 -0.28072917
5 867 135 1.863784 -0.41505867
5 61 492 2.0133018 -0.4166227
3 450 1117 1.1984413 -0.22506917
4 799 171 2.2500973 -0.7431789
1 206 584 1.9689037 0.22629827
1 851 1345 1.8465209 -0.27110398
5 953 629 1.9552573 -0.35303757
4 389 951 1.7554177 -0.02219814
7 707 469 1.830519 0.2689001
0 564 311 1.9794949 0.23692209
7 439 1056 1.2809085 -0.13791603
6 285 213 1.9247338 0.26817077
2 864 1140 1.7396859 0.1846649
0 1020 1189 1.9359092 -0.18761915
3 517 1609 1.8552805 0.4397884
2 1014 582 2.2101872 0.59026176
1 197 1015 2.2372906 0.7106016
2 590 1613 1.9024216 0.13637245
1 529 1660 1.9497441 0.23294753
6 408 894 1.8395116 -0.25380284
0 303 1359 1.2275374 -0.7027269
4 740 1260 1.1223744 0.5776363
2 265 1028 1.9964819 -0.09463793
4 184 1099 1.8120592 -0.3424572
0 561 167 1.819781 0.52770275
7 868 1762 2.0229743 0.3591872
1 346 1559 2.1780689 -0.64287055
6 781 1237 1.968656 -0.56434625
6 778 1116 1.7392493 0.43659216
0 837 1134 1.9856635 -0.5637649
3 546 1707 1.9345092 0.6316865
6 790 1788 1.9925549 0.5760829
8 897 1476 1.7597146 0.66702896
3 742 1727 1.9438905 0.22191948
6 893 1763 1.9040556 0.4275748
3 415 958 1.498006 0.29419857
2 80 503 1.9604026 0.033113837
2 974 1262 1.9995459 0.27336007
2 922 173 1.9865544 -0.19283336
1 639 81 1.8152449 -0.47065264
8 434 420 2.1473393 -0.124451876
0 442 1533 1.382409 -0.327229
0 681 446 2.198198 -0.19678593
4 337 1732 2.0168371 0.52484685
2 51 1173 1.7698251 0.15803605
8 899 938 1.933627 -0.5516002
5 744 1094 1.8831133 0.7187672
1 869 543 1.8638104 -0.75597465
8 93 402 2.2754633 0.32812196
0 212 882 1.8229932 0.7401652
3 419 1792 2.0385087 -0.7310832
9 512 1648 2.13937 0.02146852
7 155 428 2.1045446 0.38911396
1 909 1064 1.8569113 0.5862034
9 240 895 1.7479004 0.31650084
1 479 1637 1.8542994 -0.009537876
9 248 1753 2.2339761 0.5146956
0 458 1745 1.8451018 -7.5531006E-4
7 150 1305 1.9658451 0.1136173
6 446 28 1.9147816 -0.32338205
5 778 1824 2.0550377 -0.38360915
5 99 613 2.108689 -0.17892146
7 921 1200 2.175844 -0.3984752
3 151 1180 1.9648466 0.50205547
4 849 1543 1.8173141 0.2790529
2 336 1007 2.1106598 0.70567065
5 90 157 1.9166331 0.66415817
5 129 1100 2.2208853 -0.0017006397
7 727 299 1.8409909 -0.071486354
6 88 1579 2.2302723 -0.57279825
6 293 1275 2.251032 -0.62057537
6 324 947 2.010272 -0.032613397
6 1000 1500 1.8881047 0.53060895
5 512 368 1.7781407 -0.09925866
7 166 1428 2.0324 0.17273211
5 484 436 1.082446 0.42849427
4 181 1381 2.18805 0.072834134
1 393 924 1.7727625 0.46247703
6 930 1318 2.2689493 0.74201876
0 1000 364 1.9184924 0.06729406
6 461 1558 1.63695 -0.7820128
0 710 492 2.3365223 0.21169382
5 201 606 2.0304694 -0.74945945
0 1056 1825 1.8311782 0.27529174
7 149 824 1.8608433 0.22552687
1 349 207 2.0225158 -0.6535083
5 798 1664 1.9192793 -0.46698678
1 891 1546 2.0512981 -0.08504373
6 919 1549 2.0093863 0.60993654
1 164 363 1.7578138 -0.4787225
9 1037 1157 2.1644847 0.6821577
5 965 259 1.9541553 -0.54603416
6 250 1328 1.9409817 -0.44894275
7 424 1060 1.4399 0.22622973
0 767 1132 2.174336 0.013022244
7 704 1730 1.8653926 -0.76297665
8 954 566 2.1300874 0.58977455
3 253 244 2.0277824 0.39958185
9 872 567 1.843534 -0.5188737
3 958 1778 1.7201189 0.16011935
6 819 1022 2.0840554 0.022001445
8 550 1859 1.9899939 -0.12431735
2 251 654 1.7629653 0.35097855
7 110 1378 2.0575888 -0.12904882
7 655 260 1.6142937 0.23821014
9 879 438 2.0296361 0.2231465
4 781 1754 2.1930056 -0.12972176
9 388 1093 1.838731 0.7555961
9 366 673 1.8088907 -0.6492398
5 839 990 1.9242333 0.048571587
3 507 1866 1.8955295 -0.33065602
3 345 134 1.8384845 0.04184282
6 796 860 1.7615302 -0.7528988
7 898 677 1.9150212 -0.4895611
7 148 520 2.0184786 0.49794012
6 388 923 1.7304531 0.46403486
6 248 271 1.935715 -0.15022069
9 309 1461 1.2347158 -0.22991014
3 155 81 1.9818373 -0.30702874
8 207 785 1.9231623 0.148435
2 802 593 1.9617271 0.3304674
3 706 1814 2.063328 0.28448397
1 783 1110 2.0753355 0.2785303
0 160 1370 2.0640793 0.28787106
4 882 666 2.0072122 -0.63762134
4 995 748 1.8107923 -0.5259072
4 246 722 1.835217 -0.2817657
7 482 1635 1.7320203 -0.6209984
3 220 1255 1.8412253 -0.19523424
8 731 1650 1.9628016 0.45817214
5 286 1465 2.0041556 -0.5642698
9 50 1885 2.255324 0.5956786
6 827 844 1.8079435 0.43972427
6 78 317 1.9785867 0.65946215
7 984 1319 1.7632822 -0.09551662
0 311 1325 1.9351159 0.18166631
2 100 734 1.8218523 0.5780763
6 934 1134 2.036475 0.08310807
4 639 532 1.1442767 0.6891348
9 727 1619 2.1186006 -0.4334834
7 91 748 2.0766995 0.024037063
6 705 639 1.6506798 -0.3932043
2 428 295 2.334064 0.7472542
5 707 301 1.8970189 -0.7475258
6 765 1048 2.0516047 -0.7398141
2 275 920 2.0258298 0.006557703
6 853 329 1.8237696 0.670409
2 456 78 2.3771193 0.11756939
2 296 1302 1.9609125 0.17012429
2 724 374 1.9550316 0.6676647
0 805 664 2.109656 0.10797447
7 723 1725 2.1429164 0.35602766
4 721 1258 0.7982693 -0.07287675
6 167 239 1.8484409 0.5890792
9 407 872 1.9482322 -0.20802659
5 996 1736 1.7564569 0.6504839
3 145 1756 2.125611 -0.2853368
8 402 261 2.0424297 -0.50393677
6 878 1227 2.087892 -0.22529447
6 232 1849 2.226276 -0.38110793
6 300 450 1.9902486 0.45225042
5 399 1557 1.9687101 0.38980216
7 867 829 1.9574059 -0.2747231
1 373 516 1.7028414 0.1402604
1 482 126 2.007651 -0.7133436
2 605 1516 1.0352366 -0.21122569
6 736 1236 1.4664195 0.26613516
9 856 117 1.8119301 0.7218824
6 384 106 2.0805452 0.7423189
3 230 1021 1.9392446 -0.08473569
6 210 424 1.6786139 0.19286954
4 868 445 2.0937767 -0.35693508
6 67 1110 2.086956 0.6491187
2 106 145 2.1298795 0.57548374
8 459 530 1.2058951 -0.35116345
5 108 1557 1.7791569 -0.5131202
8 792 1285 1.8073131 0.5734785
2 380 1773 1.887508 -0.69793206
7 293 1694 1.9964421 -0.4704241
7 690 703 1.0942558 -0.76792914
4 620 262 1.9161979 -0.16493672
9 306 912 1.9575819 -0.7564039
5 588 127 1.7075996 0.030030966
3 379 1569 2.2956161 -0.18972218
3 393 1008 1.8609675 -0.6424997
7 708 637 1.745212 0.38970608
8 287 820 1.8967346 0.59190327
1 763 1563 2.0020251 -0.68903726
2 682 1622 1.8324884 0.042679667
5 115 557 2.0841749 0.5955344
0 748 997 2.1665819 -0.46327758
4 535 1694 1.9996985 0.19735736
2 891 68 2.1841521 -0.1508463
3 677 610 0.9445044 0.43988544
1 666 1576 1.7924856 -0.5601253
9 163 1014 1.9300398 0.7477564
8 1010 563 1.6729729 -0.43768355
3 952 1674 2.0487697 0.11024064
2 173 766 1.9002925 0.6467739
5 626 1727 2.2861326 -0.6535449
8 131 1454 2.2016814 0.21265215
2 991 970 1.7443917 0.5226763
8 352 1111 2.1013124 -0.11715293
6 947 275 2.1808655 0.14037657
1 267 1034 2.0648208 -0.63503784
6 86 891 2.0776494 0.4200558
8 952 162 1.8833455 0.5657806
8 910 647 1.8171993 -0.34496358
1 770 80 1.9278913 -0.106612325
8 610 177 2.0583205 0.29797894
7 737 426 1.8794116 0.36270446
8 1013 745 1.947309 0.12951213
1 101 1663 1.9504639 -0.3315199
5 231 1506 2.3008869 0.6141345
2 810 661 1.9364531 -0.62062687
6 1006 1005 1.8350505 0.522724
7 340 1804 1.9514776 -0.2783847
5 307 1303 1.926756 0.3316416
2 630 309 1.7648424 0.30874175
0 451 1647 1.8815452 -0.116205156
6 1003 1526 2.3366673 -0.11298597
5 664 563 1.4010825 -0.24057394
0 94 59 1.8061286 0.4743517
1 930 1591 1.8112988 -0.259228
7 345 1721 2.223631 0.5173505
0 732 502 1.9180454 -0.65290844
3 1010 758 1.9305978 -0.77205247
0 237 369 2.1894712 -0.67932683
7 793 876 1.706277 0.32881755
5 331 1547 1.6567472 0.4566459
4 929 1304 1.7354461 0.27159423
1 626 141 2.3130524 -0.2805304
1 897 205 2.024992 -0.064917505
5 451 260 1.9705068 -0.11431342
8 64 553 2.0714853 -0.2160691
5 195 65 1.82138 -0.47347653
4 585 237 1.9870266 -0.22955614
5 802 1552 1.9659231 0.7414265
7 904 248 2.2365518 0.25422806
9 537 208 2.2139363 -0.18347669
6 202 1462 1.903478 0.19309396
3 593 265 1.7216525 0.3652168
4 282 585 2.3196094 -0.70881534
1 945 70 1.6278268 0.61341995
9 118 1023 1.7950639 0.75646394
7 905 1075 1.7891638 -0.027489007
5 839 1302 1.8385417 -0.37765694
8 271 460 2.0518045 -0.12811148
6 618 547 1.016597 0.19265193
7 890 78 1.9310659 -0.21310472
4 198 1728 1.9708222 -0.56752884
7 883 1593 1.6818964 -0.2749977
2 109 1075 1.8630948 0.00290066
2 625 1818 2.186915 -0.49443272
3 356 1713 2.3128264 0.48269862
3 122 702 1.8861649 0.11485869
6 419 989 1.917566 -0.599913
7 272 580 1.9106368 0.06274217
2 973 478 1.9643348 -0.09582341
8 311 123 2.171435 -0.5987282
8 868 1642 2.0993912 0.7421798
4 237 1197 2.1185267 -0.57963353
9 787 453 2.1905224 0.16499734
6 825 408 1.9264315 0.32672173
8 642 209 1.9862713 0.22434014
0 89 1056 2.112792 0.12819612
8 1022 1773 1.81625 -0.22085571
7 302 1153 1.9963068 0.5634902
7 129 378 1.8471761 0.5977525
3 357 139 1.7818865 0.5467265
0 718 1736 1.9585229 0.5106637
7 108 1043 1.9611192 0.77161056
2 332 781 2.2909763 0.45590323
7 530 1677 1.9005477 0.7676138
5 488 176 2.2521358 -0.36213192
9 559 141 1.6529021 0.5627697
9 319 163 2.2335846 -0.68576425
4 845 1456 2.09267 -0.100105345
6 927 219 2.00955 -0.17728704
3 247 449 1.9466277 -0.27262717
6 337 1704 1.9989147 0.551272
0 623 800 0.8182752 0.24919146
5 745 1117 1.8823587 0.5053919
9 652 428 1.8473638 -0.29119477
0 982 902 2.276129 0.053308427
4 946 955 2.08582 -0.31395638
4 178 1527 2.0482547 -0.017652094
7 105 324 2.006881 -0.77738166
9 284 1247 1.9431151 0.7111258
3 367 1818 2.0973916 -0.41179952
2 886 737 1.9969271 -0.60359025
9 221 666 1.9399618 0.7677131
1 910 414 1.9781475 0.6350903
9 887 767 1.9233729 0.2122382
1 886 1214 1.7487668 0.3320251
5 197 1257 2.0889652 -0.5629797
0 200 1554 2.2470844 0.6379886
5 248 1435 2.2393088 -0.06921369
6 780 1679 2.0280495 -0.7709439
9 982 210 1.732181 -0.624896
4 217 1766 1.9964365 0.5993969
6 969 161 2.1946435 -0.44076586
7 298 241 1.9490061 -0.37175563
6 788 1177 1.9869528 -0.26997596
6 268 689 2.129618 -0.2567988
4 634 1579 1.7108042 0.3455698
2 725 1776 1.942029 0.6256339
8 691 1592 2.1640248 -0.15706354
4 344 1176 1.2483399 -0.6378008
6 410 483 1.9974488 0.19488585
1 916 1417 2.1509514 0.24163383
3 956 1319 2.0193005 0.29378313
6 726 1165 1.7514567 0.66066045
7 501 1549 1.5177903 0.42144305
9 119 843 1.9444304 -0.07633567
7 403 1153 0.88956875 -0.4306467
5 302 175 1.7526729 -0.14788741
7 914 77 2.2536516 -0.1366651
2 357 1059 2.0593648 -0.3534988
7 111 1106 1.9718018 -0.6597761
5 884 277 2.1422465 0.5235583
8 602 384 1.9415412 -0.7826802
8 711 1152 2.1807053 -0.23108345
4 290 201 2.0409992 0.35559016
7 742 775 1.9805863 -0.30565205
2 906 1336 1.9933139 0.2896766
2 316 1186 1.8597267 0.1819914
9 712 819 2.0493906 -0.50041676
2 305 1462 1.0301297 0.65126175
0 267 490 2.0033767 -0.42243335
3 216 686 2.2825482 0.31382233
7 122 424 2.1007004 0.16336924
0 975 1363 1.9117618 0.067347705
5 137 435 2.0386336 0.621744
1 747 1049 1.7988322 0.7357407
8 789 652 2.0100915 0.70611805
1 183 323 1.9057987 0.12566435
9 768 119 1.7528605 0.39673036
3 925 743 1.9739451 0.2428183
3 612 250 2.050234 -0.35210618
0 788 318 2.0648093 -0.6250425
2 782 876 2.1102254 0.19835383
4 880 77 1.9214572 -0.2742688
9 961 294 1.9215566 -0.59053963
3 492 1517 1.0425341 -0.668815
8 672 209 2.1770437 0.6477838
5 650 462 1.706619 0.25170738
6 872 153 2.116894 0.48911852
7 586 252 1.8471049 0.103428185
8 867 597 1.8070753 0.68594724
7 386 1567 1.7531629 -0.24666178
2 782 410 1.8775755 0.3421772
2 125 840 2.1910286 0.2520898
0 381 340 1.795444 0.17647082
3 915 820 2.1836221 0.5576721
9 348 1207 1.7570336 0.19554818
6 681 122 2.0415916 -0.11426848
0 1037 1521 1.8190635 -0.23787385
6 86 151 1.9674165 0.73523873
5 1010 1456 1.9559568 0.29946655
0 824 995 2.032036 0.6652561
1 498 1571 1.891168 -0.7086324
2 333 950 1.9603664 -0.7322153
6 261 933 1.9377338 0.57592577
3 456 170 1.7263374 0.4105652
7 389 236 1.8882719 -0.06377244
5 983 854 2.1215916 0.2586432
8 130 1193 1.8195921 -0.25376642
7 97 70 1.9974916 -0.5175296
5 901 1726 2.1536362 0.18050581
2 700 349 1.9747429 0.1975388
1 438 522 1.264333 0.095810115
1 537 235 2.0836186 -0.50032866
4 237 1635 1.8862212 0.53570634
4 886 612 1.8878182 -0.12970173
7 819 919 1.8495458 0.15214545
0 720 807 1.843392 -0.34118623
7 529 247 1.8348142 0.7544845
9 909 528 2.0323768 -0.16239113
3 217 1711 1.954293 0.48275894
5 933 906 2.0662076 -0.24147701
5 642 518 1.744982 -0.030738592
3 913 880 1.8976829 -0.34187174
1 959 536 2.0210116 -0.7052281
2 714 1766 1.8945019 -0.096363366
2 218 1272 1.9758874 -0.31679213
8 765 537 1.9837736 0.70407516
8 571 218 1.8014544 -0.4260598
8 360 1012 1.8962604 0.37501043
5 803 1375 2.0838118 -0.58743423
3 587 240 2.1523235 0.3439284
3 492 1814 2.0019462 -0.0905754
6 546 1589 2.202792 0.6368094
6 685 1502 1.0022916 -0.16111434
0 167 1700 1.8385868 -0.5066206
0 743 496 2.1547472 -0.50347894
4 519 1545 1.33617 -0.48426336
3 489 149 2.2124405 -0.69689786
9 157 217 2.1611247 -0.70717865
3 741 1621 1.9453317 0.67519027
8 38 689 2.287342 0.7230595
3 102 1081 1.9414763 -0.62137675
9 1050 1430 1.8949119 -0.28538305
1 191 1254 2.2724726 -0.3684567
4 936 1850 1.7422434 -0.6160225
5 667 1587 1.7862229 -0.50819904
4 583 307 2.1129074 -0.04447514
2 880 232 2.1522565 -0.47232753
6 370 1662 1.9653342 0.560484
6 370 962 2.027703 0.53069013
6 553 353 1.6913439 0.6282316
2 864 1644 2.1217074 -0.6419961
7 943 852 1.9660137 -0.58119637
2 150 1727 1.8022056 0.47356325
1 817 1828 2.176042 -0.09519106
5 178 1723 2.2210522 -0.26751864
3 961 1525 1.6602421 -0.52976286
2 953 256 1.6809909 0.61480194
4 268 859 1.8914601 -0.4520359
7 509 322 1.9321773 0.62971276
3 282 135 1.9386997 -0.72699153
4 210 992 2.3270044 -0.26892412
3 965 620 2.2662864 -0.73675376
4 434 388 2.007861 0.6583963
3 84 1309 1.7850336 0.7512005
4 196 1661 2.1746104 -0.15428638
4 265 1308 1.7927934 0.34657055
7 667 566 1.1816902 0.2898584
2 222 1492 2.0297072 0.75692827
9 480 173 2.3001919 0.41327184
5 984 502 2.136249 0.6236569
2 960 275 1.9625728 0.51520246
5 607 1862 1.8402373 -0.29785424
3 785 115 2.1693385 -0.75354457
8 920 214 2.1461532 0.13301826
5 289 1165 1.9789413 0.27256924
2 861 307 1.9421773 -0.11982942
5 866 1021 1.8436263 0.39929885
5 280 473 1.9734435 -0.6044209
4 956 1525 1.8708144 0.38917774
2 921 418 2.0003097 -0.23214495
6 736 1054 1.815452 -0.18484527
1 28 1286 2.239131 -0.17819774
0 337 869 2.157603 -0.21373081
5 208 738 1.6900856 -0.755017
8 967 1422 1.8209448 -0.08566743
7 699 1721 1.8650182 -0.42071408
4 196 1371 2.1562092 -0.72764057
5 388 866 2.152497 0.114477634
8 155 457 1.9914974 -0.6892143
6 693 1109 1.8699791 -0.42433783
0 235 131 2.0780432 0.38414103
9 759 1449 0.7810437 -0.48025978
3 131 1333 1.9270957 -0.25367498
6 135 1251 1.9641615 -0.6331502
5 961 466 1.8761928 -0.023488164
1 923 1604 2.3061209 0.09393889
5 62 567 1.883051 -0.6476728
4 160 221 1.9622658 -0.22917563
8 225 916 1.9614686 0.3257913
3 705 387 2.0605853 -0.09916741
4 712 1164 1.2114669 -0.5958758
8 636 509 1.2705199 -0.49303225
6 113 627 2.0680368 0.6413767
2 541 209 1.8057853 0.3348902
5 405 352 1.8710206 0.54991275
2 823 979 2.106031 0.7720446
5 172 161 2.1385581 0.6857428
1 811 141 2.28223 -0.30109447
3 995 580 1.9318042 0.4246518
8 92 1562 1.6672559 -0.64969707
3 482 375 1.9281043 -0.46133593
1 1007 1182 2.0686376 -0.51185834
8 706 570 1.7273414 -0.61992973
0 834 234 2.1610603 -0.5539959
8 355 1730 1.8293285 -0.20061469
5 850 1310 2.0065863 -0.6996606
9 1000 1274 2.1500483 -0.20210057
5 110 1509 2.1604528 -0.047383964
5 867 899 1.989385 0.69651
8 438 1796 1.8529633 -0.36599422
1 766 1519 1.7207886 0.18195862
1 99 354 1.8663267 -0.7796429
8 763 682 2.1989563 0.07957506
8 291 532 2.0189228 0.018285573
2 682 907 2.080968 0.46888787
4 753 1490 1.3971246 -0.50295997
4 794 43 1.691731 0.20231235
9 153 987 1.8583074 0.53559893
6 772 831 1.9023967 0.17414069
4 114 394 2.1638057 0.06652379
1 892 1295 2.2009854 0.18535751
0 628 474 1.3089789 -0.6506901
3 983 121 2.0195107 0.25641793
8 320 1302 2.0605402 0.15922993
1 467 285 1.940304 0.6691876
3 938 1271 1.9760059 0.1627369
5 219 1228 2.0244756 0.04982996
5 881 750 2.3445396 -0.2731796
9 298 602 1.9728023 -0.020757973
8 914 541 1.8696215 -0.31909084
2 945 878 2.0739121 -0.529235
5 796 701 1.9132414 0.72997016
2 549 1587 1.9071404 -0.3069778
5 629 438 1.7350168 -0.67398244
0 1011 1530 2.0053837 0.68656546
2 652 576 1.2259732 -0.75704426
8 303 518 1.9626321 -0.3707481
3 993 1587 1.7013903 -0.36031958
2 909 601 2.0592606 -0.7470582
7 904 365 1.7432942 0.7001136
1 466 1559 1.8807846 -0.05732298
7 579 38 1.8889072 0.13092703
2 825 1167 1.8848393 0.01869595
2 717 617 1.9669479 0.27117568
0 960 651 2.00092 0.4928823
4 224 791 1.9301915 -0.62561154
7 427 1515 1.0482075 0.6329282
4 929 699 1.7340455 0.35291332
3 75 767 2.0558121 0.3253594
3 535 247 1.8243616 0.065730035
3 683 397 1.7493571 0.39928812
9 897 431 1.9995483 -0.7145347
2 884 330 1.8727201 -0.75134826
9 96 652 1.876653 -0.7094559
5 693 1024 1.9536971 -0.5540313
4 419 1579 1.9589082 -0.45399046
3 611 1847 1.9813273 -0.41297555
5 932 1333 1.8637874 0.44306093
8 316 325 2.0905306 -0.5044828
9 967 729 1.772772 -0.4891032
0 93 552 1.9537535 -0.09608692
2 478 1639 1.9690653 0.11587453
0 876 1005 1.7424287 0.32864386
3 1033 698 1.8966919 -0.37341806
6 865 1106 1.6500003 0.3704124
0 400 1815 1.8991222 -0.11005366
4 139 574 2.3883524 -0.57239205
9 892 477 1.7897627 -0.30909246
1 113 1092 2.0694711 0.6379053
7 744 1225 1.8003124 -0.41713324
8 198 1746 2.002566 -0.3511408
6 129 954 2.039576 0.27734894
7 905 279 1.7118274 0.2750016
9 1016 173 1.9722066 -0.34421018
9 135 462 2.1104236 0.5772186
7 674 254 1.8060446 0.6664756
1 517 309 2.001985 0.40946788
7 644 1690 1.9825177 0.73878735
1 97 1490 2.0599637 -0.23282868
4 971 1725 1.8506315 0.12979466
0 610 261 2.051685 0.13729268
5 1007 293 1.9347852 -0.6541093
5 779 1044 2.1831994 -0.2028845
7 871 1302 2.0569887 0.3771457
3 722 198 2.1336038 -0.31620893
7 428 1601 2.1233153 0.543179
6 777 1091 2.1551123 0.6930142
6 365 1745 2.3097847 0.23741823
4 261 1774 2.2522066 -0.34817967
0 329 1121 2.25457 -0.3813901
5 745 483 1.8684202 -0.5159912
7 442 1845 2.1925576 0.30806798
1 822 901 1.8466488 -0.74466026
8 1029 329 1.8610226 -0.76107734
2 110 164 1.9245404 0.036232173
5 612 159 1.9274777 0.19994426
6 825 574 1.7245995 -0.1884864
3 701 521 1.7814503 -0.7036225
5 397 410 2.07677 0.7143728
1 933 1748 2.1708345 0.39344245
3 707 787 1.7043673 -0.45189068
3 560 100 1.7775106 -0.42472646
6 862 1404 1.8709234 -0.38168016
2 166 1205 2.0017447 0.574784
7 124 451 2.0024862 0.23334175
5 170 356 2.1117096 0.7639167
8 876 1032 2.0593505 -0.35449824
4 221 1220 1.9845493 -0.50084025
0 788 659 2.0430856 -0.27233607
0 250 1623 1.9861276 -0.49166492
3 871 1270 1.9011738 -0.4041663
8 83 1854 1.8608001 0.07219225
1 887 1218 1.9226485 -0.55397165
9 141 1834 2.078893 -0.776602
7 960 910 1.9697708 -0.5483371
4 472 72 2.2447293 -0.5116309
6 672 798 1.759077 0.693332
8 864 905 2.129617 -0.13788956
1 131 404 1.9093128 0.19659418
1 957 1782 2.1589594 0.38876098
2 1003 152 2.0718794 0.65555364
8 995 1479 2.000729 0.2294758
7 451 398 1.9257057 0.6050218
2 1024 669 2.07068 0.21882826
7 245 196 1.9727982 0.5252904
6 881 1312 1.9575204 -0.50615036
2 792 246 2.2120268 0.021133244
4 465 1668 1.8402128 -0.38492218
1 601 213 1.9245961 0.33260125
2 134 798 1.9883119 0.09987354
9 936 353 1.7633322 0.6623375
1 210 1752 2.2303112 0.55482084
6 828 788 1.6798558 0.72151846
3 637 963 1.18856 0.6356192
1 119 1601 2.2404833 -0.6764442
9 759 1233 1.7439286 -0.11946195
3 988 140 2.2558656 -0.22262728
4 164 864 1.9086765 -0.26911783
6 788 995 1.7384973 0.10851717
4 378 1653 1.9158545 0.027433217
0 342 1038 1.7735225 -0.43241182
6 655 976 1.2025952 -0.5849574
0 423 1727 1.7076447 0.45462912
4 431 425 1.7239518 -0.69928795
9 881 920 1.7863257 0.4524861
7 538 1684 1.6537882 -0.7090478
6 666 727 0.9811927 0.6568336
3 840 1838 1.9492627 0.27025717
5 581 172 2.168475 0.2361458
5 703 1676 1.8097186 -0.07969755
1 60 1364 2.0233922 -0.19245785
4 208 262 2.1643949 0.23844999
3 165 147 1.96435 0.4722026
4 132 1116 2.0277417 0.5554121
3 92 381 1.9294655 -0.07915956
5 383 1149 1.068587 -0.15513635
0 255 1148 2.273535 -0.6108197
9 791 316 1.7979363 -0.5973898
8 891 674 1.8330032 0.19251919
7 314 1552 1.7907445 -0.5280563
9 626 493 1.1485682 -0.5989359
3 283 1715 2.1676183 0.67651445
5 797 493 1.8327497 0.59018725
3 179 1297 1.8925414 0.5428497
2 796 516 2.1029084 -0.22329563
1 288 812 1.9619735 0.08037841
9 965 1140 1.8365589 0.50135833
6 755 1508 1.2585108 0.22755426
2 328 1035 1.7248224 0.090565085
9 149 1522 2.1410983 0.087887466
2 597 361 1.7714797 -0.7027018
0 670 1604 1.9357685 -0.63902414
9 468 191 2.0890625 0.031147778
6 528 211 1.6470376 -0.42773676
3 504 84 2.2994704 0.7778973
7 345 1187 1.7339184 0.4806642
4 839 926 1.9833056 0.75044733
7 973 1541 2.1638997 -0.15820003
7 736 442 1.8627143 -0.3514961
6 690 740 1.1652423 -0.3944986
8 656 1528 1.406314 0.020983517
0 497 1751 1.900899 -0.34207895
0 985 218 2.225244 0.31941134
5 957 958 2.0525992 0.4221763
7 726 1059 1.6993634 0.1647057
0 858 374 1.9291929 0.6845369
8 300 963 2.08894 0.28921467
6 311 442 2.0767915 -0.5389606
4 213 1293 2.2325075 0.110467196
2 109 1620 2.0127268 0.715007
8 359 245 2.0045693 0.097468436
5 1013 235 2.3101408 -0.5018543
6 894 109 2.033538 -0.69358814
7 896 1641 2.0734792 -0.6553694
6 899 1327 2.2406514 0.48649937
0 131 1555 2.0272987 -0.699383
3 425 257 2.3143108 -0.0660699
9 350 1765 1.7744912 0.042748034
2 589 373 1.9491979 0.15786088
2 390 86 2.112328 0.021306753
5 757 1515 1.8839145 0.7824655
0 158 1189 1.6439434 0.30281132
8 707 1081 1.7211417 0.3007837
3 577 266 1.9789826 -0.45613572
3 829 546 1.7936362 0.73287493
5 88 448 1.9497391 0.57931966
1 833 400 1.7770331 0.26703387
9 667 928 1.6654577 -0.3616163
8 403 855 1.9829247 0.1756118
1 472 141 2.3462164 -0.4211618
0 48 719 1.9598567 -0.32555643
0 133 1824 1.9435933 -0.33449528
0 974 1468 2.2562234 -0.37395716
7 110 1560 2.0998125 -0.3463269
2 937 622 2.245628 -0.30971366
8 60 282 1.8539889 0.74275297
1 270 87 1.8663732 0.6780824
3 366 471 1.8113897 0.28008682
7 803 719 1.7962637 0.2849465
7 821 1461 1.9529384 0.4959908
9 342 973 2.1309755 0.6597454
1 175 704 1.9240149 0.5347342
6 317 682 1.9202148 0.48730522
3 191 187 2.3102045 -0.7702638
2 803 1618 1.7224387 0.7071335
7 238 436 2.1081636 0.6409709
8 193 1782 1.8024712 0.2789064
4 159 71 1.9710534 -0.51902914
1 227 1407 1.8871495 -0.77589434
3 858 1303 2.0537205 0.77059406
3 216 1673 1.677863 0.079550266
9 113 1426 1.7952312 -0.4901415
1 977 1230 1.7702303 0.6443879
3 323 419 2.005035 0.14253926
1 839 454 1.8139259 0.40254408
0 630 1119 1.2175903 -0.22360337
2 96 1455 2.139635 0.072576165
8 740 1724 1.9174813 0.10936296
6 424 1103 1.8294538 -0.7767717
3 929 1176 1.8200382 -0.75943494
7 824 1128 1.8185272 -0.6218107
8 227 195 1.9284964 0.30943578
6 324 1746 1.7179877 0.27102846
8 365 1818 1.942051 0.48275703
0 638 189 1.881064 -0.39718953
1 252 1693 2.2680395 -0.60319525
5 451 337 2.227998 -0.12783349
6 818 310 2.24542 0.4786815
1 139 296 2.106366 -0.4745196
4 920 1707 1.9997112 -0.0066416264
9 615 1810 2.176823 -0.20853299
7 69 982 1.8950089 0.7081222
0 277 228 1.9866966 -0.603685
1 825 547 2.0295284 0.37165946
4 947 1460 2.200613 0.7685496
6 811 427 1.992627 -0.41750327
0 263 153 1.9413277 -0.11086947
9 978 185 2.0810654 -0.3719472
2 231 1537 1.6549897 0.3986072
7 259 1133 2.0573301 -0.5528052
2 987 1637 1.9657608 0.45131117
8 587 48 1.936459 -0.6921294
3 996 340 2.0243282 0.40103167
5 414 159 2.1993988 -0.21704912
1 263 1786 2.0806007 0.71216387
9 352 833 2.37328 -0.652635
7 86 990 2.042791 0.5135054
3 528 1737 2.2751803 -0.375464
4 712 600 1.214998 0.5332828
7 75 1773 2.1175094 0.09243435
0 53 1320 1.9038574 0.2850768
0 204 217 1.9056599 0.025564134
4 961 646 1.9380289 0.5305123
0 21 446 1.8127335 0.7733938
1 406 963 1.6255193 0.47181576
1 585 1625 1.7872176 0.68109816
1 354 1179 1.190621 -0.23315144
0 223 1061 1.7940177 0.6902912
3 849 578 1.9006939 -0.29300475
0 205 492 2.2101429 -0.03439915
6 155 1240 1.8659822 -0.033273935
6 301 547 1.871849 -0.35698882
3 378 254 1.7640227 -0.3163843
3 791 1182 1.9915434 -0.2625612
1 679 1828 1.6684873 -0.6461467
3 312 1054 2.1248405 -0.1285972
0 330 563 1.8658788 0.38557
5 146 970 2.2945888 0.03935641
5 105 1121 1.7809563 0.7267963
1 122 923 1.7695756 -0.6791882
5 372 117 1.9157537 0.41448933
3 217 483 2.1793275 0.736162
9 241 316 1.8237982 -0.26428485
6 1027 805 2.2155604 0.7615084
2 756 1002 1.8712189 -0.51760817
8 260 1553 1.7274773 -0.5525205
6 152 1679 1.8966427 -0.62945724
2 195 1210 1.6767565 -0.4027459
4 232 1293 2.136921 0.27195603
0 124 143 2.1556242 -0.35666534
4 726 1135 1.9445721 -0.6757196
2 816 1494 1.949529 0.31764227
2 285 713 1.9653646 -0.78484
0 683 496 1.9535213 -0.25858867
8 53 656 2.1775482 0.44754797
1 884 1728 1.6940588 0.58756644
4 802 593 2.2403684 0.087438226
9 456 277 1.7656425 0.4622472
2 146 1168 1.887842 0.37191957
7 445 76 1.8569168 0.1482439
2 936 1848 1.9660895 -0.5286196
4 459 509 0.82185775 -0.096919715
6 710 191 2.0635 0.4363311
9 287 1770 1.8755692 -0.30409643
1 946 1302 2.114744 -0.1879633
8 121 443 1.7793525 0.7728552
3 894 1233 1.90038 0.03621763
4 57 284 1.8062427 0.7757966
4 618 214 2.288594 0.5031176
7 899 1751 2.0117526 -0.21984762
0 883 1716 2.1548736 0.34688383
9 53 130 2.0731187 0.34528905
7 547 1748 1.9694389 0.3651567
0 721 1625 1.9085826 0.41058916
3 426 1698 2.0733864 0.07093716
8 846 1420 1.8257058 0.2771259
8 106 1380 1.877878 -0.76329565
9 892 995 1.7733619 -0.4582585
0 886 42 2.1484537 -0.14700925
8 1053 778 2.2586203 0.51277167
3 536 1780 1.7952809 0.68886024
3 1018 1565 2.1489682 -0.014662623
8 756 1299 1.8762362 0.52365404
5 252 1054 1.9226774 0.07686466
6 809 1731 1.7494863 -0.22051108
5 731 1825 2.054296 0.6057251
5 445 366 2.0270302 -0.0648821
0 828 125 2.2674353 -0.08746624
3 394 468 1.856521 -0.71529686
7 983 671 1.712654 0.06589645
1 210 971 1.9134231 0.110449135
5 993 1546 1.9615046 -0.06905854
2 619 410 1.4699968 0.66781086
1 747 1517 1.6329423 0.036546946
5 60 499 2.127398 0.76471144
5 1020 586 2.185705 -0.2442447
9 315 676 1.9933163 0.37577337
8 758 649 1.8781774 -0.36844113
9 322 95 1.9798603 -0.17823678
8 51 524 2.0911245 -0.21962488
0 696 915 1.7907183 0.056138396
1 539 1737 2.0977411 -0.3193389
4 761 118 2.0471787 -0.18127161
3 862 1141 1.9114171 0.47511607
4 1001 1045 2.060345 0.64979476
8 129 138 2.2446148 -0.34914497
3 445 1508 0.98043984 0.13932091
7 477 549 0.8226676 0.16534561
4 896 1547 1.864903 -0.013498068
8 956 684 2.2055666 -0.24760383
9 936 1288 1.9119468 0.099473774
7 385 1628 2.1088812 -0.45886597
8 868 540 2.1268923 -0.3488975
6 159 1215 2.1041384 0.18261337
3 809 1599 1.9604425 0.75816613
7 414 1757 1.7314165 -0.66445833
7 120 1268 2.2712045 0.73764783
8 973 1690 2.136793 0.36660033
1 948 685 1.9057168 -0.42373767
6 203 1780 1.9158156 -0.7503901
3 971 884 1.8955973 -0.37865067
3 1006 1389 2.2173011 -0.38175085
8 961 1777 2.0058246 0.42850834
7 962 1280 2.1593626 0.77568763
9 145 1013 1.9970425 0.22472423
1 779 1294 2.202629 0.3735196
7 277 1455 1.6075481 0.37235588
5 537 300 1.7599496 -0.15049857
3 380 341 1.9310592 -0.6510027
4 644 266 1.8113518 0.41323537
2 1013 778 2.073172 0.4108315
8 515 1645 1.8873806 -0.76761574
1 229 926 1.9787762 0.6878626
7 747 1357 0.7880592 0.68791527
6 411 369 1.6340957 0.60514945
0 281 1229 1.9320027 -0.28148603
0 170 1718 1.6800611 0.14992923
9 267 1523 1.9238938 0.5943052
0 845 1357 1.780689 -0.0889014
7 1021 126 1.661856 0.6276452
2 691 1205 0.82195926 -0.24135923
2 276 1315 1.9309984 -0.32826224
1 401 1142 1.0362499 0.013162911
3 343 1560 1.7529792 0.7569954
0 66 1123 2.1810393 0.65132624
7 111 818 2.0232096 -0.2909297
6 336 69 2.0315363 0.50761265
5 309 794 1.992196 0.28888065
2 333 547 1.9470996 0.4261287
4 277 503 1.959263 0.14659339
9 225 1141 2.26592 -0.5465214
2 787 1735 2.05436 -0.36800736
3 207 1384 1.8927115 0.7618143
0 1019 270 2.033229 0.03233981
4 431 1753 1.838822 0.2819094
0 90 223 1.9172049 0.24730092
2 241 1298 2.379338 -0.52418935
7 813 580 1.9208305 -0.17351764
7 736 121 1.8810862 0.71231896
6 129 1831 2.0842202 -0.22283733
3 258 1440 1.7116315 -0.35975203
6 556 1515 0.9284873 -0.6077409
4 925 479 1.8849279 0.40701967
4 998 1753 2.099787 -0.09986389
2 240 257 1.8682837 0.43880016
6 340 432 1.9913231 -0.6772015
7 593 362 1.7217847 -0.6930906
8 942 966 1.9570861 -0.6416436
2 924 753 1.6718132 -0.19729698
3 367 1325 0.7775811 0.72377557
8 257 918 1.9287927 -0.45591888
0 330 262 1.8590702 -0.29601
7 353 195 2.0943515 0.01941657
7 877 1411 2.147372 0.22098547
1 804 570 1.9084448 -0.090311825
5 183 158 2.279212 -0.52583176
0 38 1806 1.685583 0.47095865
2 721 1201 1.2297201 0.64880186
3 476 53 1.9348704 -0.51738155
4 463 1516 0.883388 -0.23538107
2 851 1694 2.1640575 -0.3583039
9 448 1055 0.92215544 0.47033817
2 127 1116 1.8573912 -0.6334939
4 148 1464 2.0755603 -0.72392905
