0 54 1807 2.0884404 -0.21323776
4 745 1312 1.2576715 -0.72095937
2 131 710 2.7387533 0.24491388
3 395 1823 2.0839407 0.2932636
0 1013 869 2.1888192 -0.35860857
5 1002 1027 2.129336 -0.16180837
5 274 1439 2.151233 -0.051220298
9 229 265 2.514523 -0.36273777
1 922 535 2.487123 0.039725065
3 181 1252 2.1576204 0.060334384
4 347 994 2.2343001 -0.41338658
5 109 717 2.747745 -0.02786696
5 896 373 2.249861 0.31912583
7 320 476 2.4640923 0.07782549
9 121 239 2.6462612 -0.6879007
9 786 1753 2.6920123 0.29304928
3 119 1283 2.539307 0.6961855
6 414 1537 1.4754566 0.3532477
0 414 1543 1.6541259 -0.5438669
5 598 60 2.7438018 -0.30515078
8 110 622 2.5523462 -0.19450825
6 726 629 2.270264 -0.19448406
9 674 702 0.9460354 -0.51405174
7 656 227 2.533849 -0.77167034
5 39 1515 2.6203144 -0.31716037
0 137 122 2.4808803 -0.59338236
3 791 1313 2.3905206 -0.044017673
6 702 417 2.5450435 -0.049414337
0 239 516 2.3504586 0.54117996
5 843 1228 2.443719 -0.020160556
9 537 183 2.4893832 -0.49944353
4 821 518 2.6935055 0.351842
8 426 863 1.5516919 -0.19492334
8 84 1464 2.422485 -0.7549519
3 899 1248 2.3130348 0.69744056
9 781 809 2.699915 -0.3081074
6 376 1718 2.6365843 -0.48918775
9 230 927 2.421016 -0.40243852
7 855 441 2.4267046 0.16954118
7 574 106 2.0630534 -0.25065243
0 187 1204 2.73159 -0.76014286
7 97 788 2.4359872 -0.6763234
6 738 848 2.5141068 0.03530383
6 361 1651 2.2306304 0.25964218
1 341 711 1.9047282 0.75496596
6 455 1593 2.0760205 -0.14065313
8 190 778 2.1921635 0.7253632
4 919 758 2.3469906 0.23409551
8 991 1322 2.169906 0.48737198
7 474 371 2.4226942 0.17745799
0 697 537 2.1827555 0.31998855
2 422 208 2.0756474 0.1333211
9 999 754 2.3313162 -0.39118907
4 836 1080 2.5931835 -0.28022528
9 180 1718 2.567104 -0.4896996
8 403 115 2.409047 -0.6167615
7 865 151 2.2603843 0.43447882
4 902 860 2.5647302 -0.049706638
5 856 907 2.6445234 0.21395987
0 765 1103 2.5151935 0.12317377
0 817 94 2.1989932 -0.54260874
6 671 242 2.317775 -0.49750742
9 865 1605 2.2215633 0.56751734
7 492 1612 2.2926257 -0.35418105
6 205 1594 2.4083686 0.52212673
5 363 849 2.5054233 -0.48816523
1 268 1387 1.6602546 0.4299466
8 377 913 2.1445339 -0.2993018
3 138 1296 2.2995083 0.060579777
0 305 814 2.631224 0.6850812
8 786 551 2.5465286 0.730146
2 104 336 2.2029123 0.15501165
8 302 1020 2.0525587 0.011586428
4 856 958 2.4122226 -0.29215482
9 788 1448 1.3839513 -0.68307686
2 975 388 2.7436337 -0.0057712197
0 288 1264 2.2994423 0.030324578
5 764 1806 2.3525538 -0.6747587
2 269 1685 2.7542725 0.05017531
4 142 320 2.3322856 0.109785736
9 964 828 2.326367 0.5937585
7 446 1053 0.97562194 -0.68877816
3 148 1007 2.4487631 -0.58388203
7 649 1504 0.9069629 -0.69777405
2 808 1314 2.2791069 0.7189395
9 66 808 2.4374042 0.42901748
2 231 942 2.359743 -0.18414605
2 222 627 2.6421714 -0.5795294
6 761 142 2.5597365 -0.40018606
2 959 1148 2.4045465 -0.4693971
8 801 713 2.502777 -0.7726004
6 696 1711 2.6329057 0.64048797
6 449 1876 2.4783978 -0.5536534
0 305 977 2.230087 -0.37129387
2 59 1287 2.5732203 0.40151757
5 340 1533 1.7756294 -0.2689147
6 896 499 2.3358393 0.766318
4 40 890 2.4161117 -0.20751005
4 755 1661 2.6128178 0.3137011
9 352 756 2.2408223 -0.02806884
8 183 1651 2.0847256 0.44956023
8 617 1125 0.8191806 -0.42182946
8 1047 536 2.2449167 -0.2567122
8 830 480 2.407851 0.32367784
7 340 525 2.268867 0.4932601
0 498 199 2.5448334 -0.5631479
3 299 1019 2.2774146 0.69128376
5 807 282 2.4391518 -0.48531693
0 685 1179 1.0393602 -0.5348382
8 883 1502 2.3762968 0.0954988
4 266 1662 2.812325 -0.009612024
3 770 1126 2.3072605 -0.16382211
9 358 695 1.7782629 0.60288125
3 1019 240 2.707845 0.5812374
7 758 682 2.403084 0.16371334
3 687 257 2.3285487 0.43903726
5 323 1863 2.3333344 0.47314173
6 328 1260 1.833909 -0.4782644
7 495 310 2.4319603 -0.6397028
5 845 1081 2.47079 -0.052999675
0 546 1715 2.442259 -0.18329847
4 184 1675 2.3325958 0.2728874
9 982 1497 2.4668236 -0.6431937
8 431 1107 1.1331043 0.6675715
8 919 779 2.2428772 -0.67140126
8 233 1141 2.7186165 -0.2713397
0 585 112 2.6420693 0.6101888
5 890 137 2.0657728 -0.6737805
2 244 671 2.3781757 0.12602967
4 271 1776 2.2816453 0.21386796
9 400 1802 2.3329806 -0.54791963
2 297 1341 1.5979648 -0.7245437
6 387 1839 2.4402473 -0.0198071
7 244 1659 2.6092582 -0.5925181
5 340 404 2.6159012 0.040758073
8 385 1740 2.4045153 0.34367114
7 312 184 2.308595 0.39313668
0 163 251 2.1942232 -0.68063426
5 340 1821 2.7708962 0.2759536
0 344 1757 2.8074472 -0.4641628
2 195 968 2.5118752 0.72398204
6 777 1015 2.238098 0.33741182
5 426 96 2.442353 -0.31178254
5 314 1257 1.9504242 0.54346424
2 345 312 2.1781266 0.5642763
5 291 1328 1.8956559 0.054248393
8 919 1310 2.6940784 0.07772893
5 408 1854 2.7187219 0.15923524
2 828 636 2.4482415 -0.75782865
6 889 1559 2.2857969 0.07421249
0 861 518 2.2737536 0.66536325
3 770 990 2.2899249 -0.487581
1 194 557 2.1115997 0.7000013
0 864 182 2.4501271 -0.102918625
6 182 1551 2.352582 -0.14102453
7 864 1384 2.630029 -0.054100096
4 60 764 2.339786 0.6815744
9 1043 510 2.5370257 -0.58559793
9 925 1669 2.540624 -0.14843434
9 883 1137 2.3960447 -0.25303054
9 242 1443 2.3356996 -0.31559464
6 456 1826 2.6466017 0.051775217
2 277 1322 2.398065 0.2679724
9 429 1794 2.7472248 -0.20864224
1 127 418 2.6461568 0.26789993
8 672 265 2.1913316 0.31353897
0 246 203 2.6941795 -0.14491493
5 239 895 2.6651587 -0.548871
7 548 1638 2.40172 0.2300356
6 400 795 1.957967 -0.47618318
0 61 1131 2.4716856 0.09629828
7 801 1182 2.3765743 -0.2754522
3 1002 1100 2.5454965 -0.3571567
1 811 676 2.4266653 -0.3715311
7 325 94 2.2869916 -0.32030165
1 863 1818 2.5688946 0.4285124
5 815 1140 2.4427166 0.12875485
3 909 1006 2.8247893 -0.768954
4 348 560 1.8766366 0.15131432
9 1037 1345 2.4204605 0.38108402
4 810 1755 2.4041915 -0.07625753
8 879 814 2.505589 0.4317127
2 956 1379 2.3013904 0.35724527
6 196 821 2.3109858 -0.7213646
8 646 1042 1.3678248 0.67820936
4 719 1112 1.7851951 -0.49629045
3 897 1166 2.41875 0.52434987
2 928 746 2.205109 -0.7301745
2 152 61 2.4366882 0.18331456
5 994 437 2.4332113 0.5162583
0 377 1773 2.2473633 0.04395759
4 924 1336 2.4574027 0.12842643
9 74 910 2.5774293 0.4243905
5 870 1193 2.6216254 -0.23636186
6 809 768 2.2553723 -0.48483258
6 399 1498 0.7586522 -0.43224123
5 437 286 2.2529624 0.083556294
6 820 1606 2.3084972 -0.049569488
5 407 768 1.1054718 0.29161638
8 397 173 2.5431323 -0.18192214
7 827 1550 2.2434924 -0.094552815
4 877 1765 2.7354903 -0.04153669
9 149 449 2.4603364 0.06341827
6 120 370 2.3119147 0.15208143
0 576 212 2.288883 0.6926213
8 694 704 1.1260736 -0.44826
1 626 333 2.3045797 -0.579054
9 168 1195 2.2681909 -0.055076897
9 931 490 2.4042163 -0.55429316
4 847 986 2.2027338 -0.09273404
1 216 1385 2.6215954 -0.7815935
3 214 1066 2.1201496 -0.45098513
6 676 1785 2.351655 -0.004329562
8 883 1151 2.7675524 -0.023355186
6 699 1047 2.083477 -0.21266633
5 350 1762 2.3708055 0.28516465
6 183 856 2.4961424 -0.5580063
7 1026 1678 2.2337122 -0.6694187
7 796 659 2.3896205 0.45371336
0 60 1286 2.4417 -0.7685443
7 933 1520 2.4979002 0.02242148
7 884 448 2.2641058 0.064073205
3 764 1349 1.4750341 -0.26228815
4 383 620 1.0427226 0.5719221
4 514 1641 2.2233334 -0.13214254
1 641 1557 1.8736821 0.08449495
6 694 1822 2.6809757 -0.22184664
3 304 162 2.4146283 -0.33582738
9 54 1499 2.3430395 0.12300563
8 776 1735 2.545901 -0.104684055
0 782 325 2.4269476 0.3364547
6 320 525 2.765828 -0.14618117
4 756 1550 1.8341118 0.36180288
0 769 408 2.3297918 -0.20126516
0 741 1743 2.5637903 -0.16716057
9 299 1055 2.2154515 -0.29316795
0 902 161 2.435071 0.03114289
1 967 1213 2.3017037 -0.6394148
1 690 731 1.1643543 0.25003034
2 359 726 2.0036862 -0.0021907687
6 1011 1048 2.575884 -0.496059
3 885 564 2.6644914 -0.7421787
7 715 464 2.5232728 -0.6882439
3 774 898 2.6474655 0.5244079
3 875 1779 2.3541381 -0.6956693
8 618 142 2.6696095 -0.44137967
9 119 1534 2.432629 -0.5850344
2 843 638 2.396183 -0.6089019
1 854 870 2.515945 0.026645362
8 285 746 2.3976521 -0.6486304
5 864 449 2.6654856 0.27383465
7 158 954 2.2614038 -0.41250986
6 213 499 2.2962518 -0.64064467
1 265 902 2.1771476 0.2996989
7 376 1644 2.5853415 0.45820302
8 297 1777 2.3575687 0.4116544
8 722 151 2.2204392 0.55737704
6 534 1515 0.9436956 -0.37515053
5 875 721 2.6047397 0.7406989
7 974 921 2.4586358 0.56652075
7 622 964 0.9171954 0.18657207
9 276 1138 2.247378 -0.66085935
1 272 471 2.762284 0.31428832
1 186 1087 2.3957505 0.53727585
2 97 486 2.4304588 0.25662595
7 118 1475 2.1142137 -0.3432065
2 212 351 2.2119405 -0.109507084
5 229 70 2.5209932 0.47719628
7 263 1265 2.708194 0.4486224
2 419 956 1.9555215 -0.67267895
4 162 443 2.2613945 -0.5339968
8 729 293 2.2305212 0.18707758
5 372 674 1.323867 0.4996372
4 227 762 2.5459063 0.026838362
7 347 813 2.6625345 -0.037045598
3 196 1791 2.6254497 -0.51328194
3 237 180 2.082477 -0.64416456
1 155 170 2.4665604 0.2558239
4 683 441 2.15458 0.34108788
0 143 1144 2.7177272 0.7318887
8 960 578 2.713932 -0.13777608
3 676 560 1.7002163 -0.5995753
9 198 1276 2.194233 0.53111845
2 980 631 2.1796114 -0.1236248
9 269 199 2.5033312 -0.7536281
2 1003 451 2.327017 -0.18906128
5 774 1719 2.4646416 -0.4416746
7 380 810 1.8812827 0.19476217
3 881 913 2.4289122 0.41577607
2 78 465 2.244768 0.5242556
1 490 397 1.3223993 0.19299811
2 678 371 2.352816 0.41364092
1 963 1283 2.3562262 0.6724239
9 376 90 2.4512508 0.13203847
8 691 1615 2.4180644 -0.24970621
8 172 1663 2.3168466 0.19370705
9 809 982 2.5525453 -0.12687784
9 325 1478 1.2955319 -0.6806029
5 1046 96 2.6629443 -0.653173
4 995 171 2.3210795 -0.47002608
8 886 549 2.5122936 -0.58745784
2 381 771 1.8147787 -0.1241976
7 649 484 1.5426674 -0.7798417
7 968 1004 2.277747 -0.081967056
5 337 690 2.483144 -0.6502152
9 174 221 2.5966766 -0.7265173
1 292 435 2.6186242 -0.3350543
4 570 1553 1.5027176 0.19687188
5 248 1742 2.6132536 0.6730313
7 228 1807 2.6655922 -0.575049
2 187 1627 2.274297 0.024361193
6 160 238 2.1537607 0.45148212
7 126 1472 2.1361487 -0.71356136
2 214 1152 2.6004975 -0.2930438
6 793 353 2.3567984 -0.012748003
0 203 1012 2.4254658 0.5590463
9 773 76 2.3496292 -0.1396721
7 497 298 2.4909115 0.7562793
5 730 881 2.5278094 0.5092533
4 688 1640 2.5573895 0.23412758
9 1027 1229 2.3341534 0.03547293
6 842 1348 2.2851686 -0.20915967
5 524 425 0.748847 0.58670264
8 852 384 2.269993 -0.30120656
1 187 1360 2.411615 0.6857273
2 347 1351 1.1124723 0.54764813
9 911 372 2.4531956 -0.03870827
8 40 1505 2.0578773 0.40366048
6 403 813 1.3773065 0.14273906
0 716 1122 1.9309016 0.43599194
7 208 1501 2.3509917 -0.40140393
4 680 128 2.4455318 -0.43677127
4 831 1247 2.727089 -0.6337159
7 780 251 2.5474927 0.065249264
8 229 1829 2.3417943 0.78161293
9 406 1584 2.5445104 0.36614734
7 711 101 2.344026 -0.4581487
0 239 693 2.3632681 -0.6458221
9 424 916 1.1622223 0.6316677
4 977 1252 2.525803 -0.70457506
2 662 258 2.4137857 -0.7409016
9 207 622 2.3194656 0.41146094
9 44 933 2.3153005 -0.4174982
2 636 446 2.3272777 -0.07779139
8 422 888 1.6903551 0.052827656
7 205 1857 2.5038064 0.5432221
6 63 1328 2.1585753 0.19513935
8 432 565 0.897736 -0.23322034
9 78 1681 2.287696 -0.57487327
6 200 664 2.3759239 -0.7777839
1 295 1301 2.1258879 0.09905803
5 161 1653 2.637516 0.47643524
1 614 75 2.1681833 -0.5859557
4 346 890 2.2543895 -0.6192775
1 900 1108 2.4778745 0.571933
0 893 32 2.2945132 -0.2571631
5 239 1794 2.0930529 -0.36576042
3 728 1155 2.1141026 0.16074693
4 112 177 2.1086805 -0.44232222
5 827 1559 2.210122 0.6341559
5 770 1634 2.6452212 0.74161106
0 67 1660 2.6636314 0.39092225
3 760 142 2.5311291 -0.31711832
2 640 1544 1.5680974 0.41128427
4 664 1777 2.6432598 0.14490181
6 732 41 2.5463963 -0.04045695
8 894 1192 2.562562 0.32708234
9 263 748 2.1136584 -0.09501499
4 703 1128 1.3634143 -0.54155207
5 776 101 2.6168904 -0.2049042
5 280 1434 1.75218 -0.43447733
5 948 906 2.2805862 0.6275086
2 85 1128 2.309457 -0.06882447
5 746 1629 2.340964 0.044945598
3 914 1356 2.0290442 0.1393606
0 677 311 2.3090038 -0.25298268
3 371 322 2.2688556 0.05470425
0 424 1747 2.3546004 -0.76686037
7 781 1145 2.5017347 0.583087
3 252 1532 2.518298 -0.70455176
6 547 83 2.4879694 0.5270341
9 853 824 2.1951394 0.027880907
4 287 681 2.4933453 0.4001599
0 183 1537 2.1639569 -0.419048
4 947 381 2.1543443 -0.6846446
4 531 161 2.4816566 0.71172804
8 91 264 2.6099963 0.36585146
4 246 1432 1.662044 -0.56175596
0 341 1113 2.3738673 0.5586435
4 936 939 2.3467011 0.35447377
6 337 469 2.348468 -0.43357784
6 795 1026 2.3140767 0.41177005
6 131 1018 2.5274904 -0.46625847
0 112 1208 2.3292413 0.4910484
5 551 287 2.7294953 0.06781244
5 257 1114 2.6221514 -0.10192311
8 579 145 2.4225483 0.2716797
7 822 1758 2.4448822 0.31717724
4 368 560 1.509792 -0.5370808
4 640 973 0.85387623 -0.6121282
0 298 1832 2.3590877 0.15682071
6 861 1650 2.6929903 -0.65604925
5 1049 1226 2.4206955 0.61779565
9 635 1526 1.2804313 -0.32035425
1 685 1010 1.8925544 0.37487358
6 795 795 2.2794797 6.864667E-4
0 985 1255 2.5713286 -0.16462243
7 989 1309 2.8426857 -0.35456446
2 902 242 2.4384875 0.1357711
7 105 418 2.285123 -0.39109966
9 688 1523 1.455175 -0.3298597
4 107 1619 2.5075934 0.7809946
5 919 84 2.5250964 0.15655929
9 354 333 2.2323315 0.4822932
3 927 1775 2.380901 -0.677206
1 1030 274 2.3082838 -0.2953191
3 305 1265 2.2909932 -0.085490584
2 973 1542 2.4404764 0.2913162
9 448 197 2.2759404 0.37010735
0 723 714 2.6513963 0.3281861
1 951 1271 2.3317049 -0.14110845
6 81 415 2.4174883 0.69850606
3 195 843 2.3729692 0.22400516
9 977 1645 2.8273664 0.41504282
1 975 1166 2.3717551 0.35694832
2 274 1117 2.4823458 0.70288914
6 773 1008 2.5954897 0.4007886
1 633 303 2.7274168 -0.73869854
7 993 947 2.4268823 0.7674567
8 767 1636 2.4299154 -0.5655038
9 674 1092 1.9008945 -0.6534827
5 942 301 2.3160737 -0.53051215
0 773 763 2.1197464 -0.2355873
3 458 991 0.76138204 0.72790617
2 616 500 1.6821692 0.42672414
9 247 842 2.1862483 0.3496657
9 905 895 2.4341693 -0.020336568
5 828 1188 2.1867552 -0.14810807
2 491 86 2.4551516 -0.234209
4 405 722 0.8087098 -0.12790972
1 279 1822 2.536781 0.45703536
8 223 110 2.239518 0.65693873
5 922 1860 2.6614108 -0.53574795
7 717 339 2.3440094 -0.10062003
3 176 1528 2.4936862 0.45954567
7 337 1317 1.4537966 -0.62520015
6 129 988 2.4969475 0.7823402
2 851 1125 2.3737926 -0.016366601
3 258 1688 2.0973687 0.5015889
1 342 1159 1.6027269 0.63273305
4 542 334 2.1960983 -0.34882587
7 279 650 2.4766183 -0.4803286
8 53 1245 2.331926 -0.16079712
0 301 1313 2.114702 0.008435309
2 695 1514 1.2642232 0.7385846
2 115 402 2.2543242 -0.16826445
5 986 138 2.2920222 0.23613137
2 906 1728 2.631742 0.75754374
8 776 623 2.1257155 0.6257979
7 874 1653 2.3866715 0.41248125
6 831 1021 2.6295161 0.48188156
0 1027 1361 2.470531 -0.29182824
6 839 1001 2.6997783 -0.6769469
7 995 1573 2.5217977 0.52254266
2 80 803 2.4037628 -0.31301597
1 714 1152 1.4168942 -0.4810219
6 980 1386 2.1692662 -0.54862213
1 406 297 2.3513222 -0.59155834
4 547 1696 2.0989504 0.7088564
3 353 1653 2.0683196 0.4168635
6 174 1316 2.539936 -0.19734216
2 38 1116 2.0753965 0.47023565
3 415 1854 2.4138033 0.33107716
1 824 197 2.5532682 0.031098127
2 233 159 2.6933684 -0.69249094
2 881 396 2.728199 -0.73553324
2 125 926 2.3394034 -0.30924085
9 126 453 2.5092072 0.5647344
3 215 1710 2.341027 -0.18654907
1 969 1309 2.4716983 -0.033613324
5 618 1590 2.2542682 -0.43784696
5 830 184 2.6468594 0.3382061
6 326 1459 0.77904457 -0.15878576
8 758 1134 2.4760494 0.6188919
5 723 768 2.4319234 0.16156608
5 110 360 2.5017595 0.6315933
1 338 1621 2.0597029 -0.7252805
4 707 1498 0.7690661 0.29595596
4 932 1080 2.5491776 -0.5189707
5 411 1008 1.8812232 -0.19588166
6 815 1817 2.5904856 -0.26860076
9 676 580 1.1646336 0.50311846
3 451 307 2.4158287 -0.703007
7 924 1514 2.3387046 0.55691785
1 986 1278 2.4289718 0.64952725
9 373 1535 1.7365456 0.13186568
0 1031 1087 2.4959836 -0.12315309
6 178 990 2.1326222 -0.14493442
5 597 1643 2.559516 -0.68192387
5 116 904 2.5794911 -0.09981406
3 862 1421 2.3355744 0.6340235
2 216 44 2.447205 -0.26389414
9 725 271 2.3956387 -0.599208
6 164 288 2.3148499 0.5834735
2 95 1615 2.3930337 -0.17149949
0 432 841 1.1762543 -0.6186688
2 672 231 2.5721304 0.3197388
0 868 1071 2.3646016 0.45753783
5 453 532 1.2515378 -0.2709111
4 1043 347 2.2739203 0.17494702
8 35 188 2.0897865 -0.24306875
0 854 1374 2.3786886 0.6696128
9 741 529 2.4891336 -0.36121428
9 623 565 0.8064706 -0.47699127
0 171 704 2.7486267 -0.106351376
5 90 1179 2.3481936 -0.0015282035
5 142 1664 2.6225774 -0.07370609
8 653 452 2.5115194 0.14312959
3 156 1667 2.3679233 0.6561226
5 160 1313 2.4881287 0.33189708
8 788 929 2.175515 -0.61416686
7 311 378 2.8264856 0.39785415
4 122 382 2.2021859 0.7529598
8 58 1636 2.0771475 0.65999943
5 584 354 2.3926277 -0.57512295
0 615 256 2.6196692 0.69543654
9 991 1655 2.333846 0.5580836
7 406 1682 2.5181046 0.7375744
1 142 744 2.4613492 -0.77738935
3 291 871 2.812966 0.53189117
4 959 997 2.6144912 0.37270814
4 592 415 0.91793656 -0.04822707
8 522 208 2.7312613 -0.07767606
3 118 999 2.704072 0.5844112
0 659 1878 2.4059415 -0.531109
6 763 1595 2.597331 0.32853264
4 758 1295 1.4750345 -0.73124176
4 544 1756 2.2198298 -0.5786787
2 933 1705 2.4188871 0.27770656
8 773 418 2.6857247 -0.07042706
8 749 1829 2.589982 0.36322194
8 56 1215 2.348713 -0.12072301
0 555 273 2.3417323 -0.36753485
6 980 1015 2.451684 0.47827166
9 559 1558 1.9345691 -0.2134794
9 470 1889 2.3090951 -0.33107874
8 681 185 2.6295705 -0.668552
2 855 1262 2.4119804 -0.63522935
6 1032 743 2.0636384 0.35805625
4 161 912 2.3150015 -0.38509762
3 878 687 2.6928682 0.4773875
9 286 751 2.5775735 0.4078738
7 671 794 1.164864 -0.2883652
0 294 227 2.345131 -0.7516142
3 804 1015 2.2910569 -0.6256423
0 307 991 2.767891 0.3692667
0 956 100 2.2936642 -0.6841494
2 275 628 2.5278296 -0.49109688
1 742 163 2.149839 -0.7060823
7 644 1135 1.0349917 -0.13826752
0 787 1113 2.3171833 0.25603014
4 519 306 2.6194265 -0.1703372
0 144 334 2.4914856 0.56903213
8 993 1725 2.7188544 -0.77646077
1 933 714 2.3896515 -0.6249347
5 221 756 2.3109815 0.32954913
8 338 1875 2.5078237 -0.7754817
5 492 411 1.1384263 -0.4092483
5 39 1291 2.1761577 0.02366978
2 748 1771 2.1107635 0.09222537
5 902 732 2.5941334 0.17963743
4 563 402 0.91805154 -0.1971404
6 1042 388 2.2371206 -0.52737975
3 1036 561 2.260303 -0.22948283
7 192 786 2.5094047 0.03913188
3 212 318 2.4014618 -0.56078565
9 33 1876 2.3180635 0.29565436
1 876 1277 2.4377882 0.42953175
7 586 318 2.5452352 0.36260754
5 222 433 2.7487593 -0.5207116
9 397 173 2.2353098 0.6280984
2 934 93 2.6125102 0.2710746
6 771 610 2.7126527 -0.7065564
1 677 1081 1.7707442 -0.20060515
2 651 1147 0.8380018 0.17684889
8 773 1871 2.2831597 0.18674606
8 117 1155 2.3754334 0.3442126
1 374 230 2.373518 -0.27999204
7 954 962 2.2355955 0.5840457
1 1008 1717 2.3326528 0.043931007
1 475 417 1.1582414 -0.18390381
2 773 244 2.4501867 0.62652177
9 280 726 2.5293987 0.57116
5 937 1276 2.6098924 0.15705776
0 283 1719 2.5038836 0.225671
5 84 1322 2.5317092 0.5860602
2 217 1537 2.241925 0.447514
7 1035 941 2.513381 0.016323626
2 322 750 2.732789 -0.5726527
7 183 642 2.7866728 0.107405245
2 827 1623 2.5482845 -0.60880613
4 751 276 2.4750404 0.06580311
5 568 1683 2.7224078 -0.5677844
6 357 751 2.2497606 -0.7138842
1 295 595 2.4449558 -0.7702392
6 282 1699 2.2730057 -0.24538505
7 286 1521 1.9160811 0.13181478
0 393 664 1.1166375 -0.7654687
2 684 1140 2.0571136 -0.7144264
8 230 1136 2.4779463 0.024111688
7 1004 418 2.0952814 -0.11421883
7 720 594 2.063098 0.3903585
6 575 1735 2.3571966 0.30221874
5 196 1080 2.5244334 0.25207132
8 975 1068 2.3540306 0.5633188
7 645 1659 2.2959793 -0.12981284
1 907 1571 2.2782533 0.33073705
7 221 1773 2.1961253 0.5127018
6 921 839 2.4449496 -0.3010148
8 53 1574 2.6404936 -0.45924816
2 962 941 2.3309767 0.2557978
7 779 845 2.7242339 -0.59975916
7 867 1512 2.504815 0.19111598
6 190 100 2.4872503 -0.2694158
8 918 1211 2.201953 0.5731589
6 556 1558 1.6868614 -0.69708407
3 703 1185 1.1613052 0.4870203
6 231 719 2.1647313 -0.7845772
3 292 1117 2.2767246 0.03067851
7 89 1241 2.528329 0.1785348
1 208 357 2.4378045 -0.7715816
9 186 598 2.637484 0.7092367
3 731 220 2.711285 0.54594666
7 741 1764 2.268787 0.10009086
6 1034 1111 2.275397 0.5061069
1 242 891 2.1346629 -0.44461682
8 921 346 2.2394965 -0.7189554
0 45 1374 2.2838523 0.57970756
2 45 1578 2.8236494 0.6179156
6 550 309 2.3808565 0.101833165
6 78 516 2.610061 0.7370942
0 285 991 2.4751577 0.30382556
2 853 370 2.4746597 -0.65864676
9 917 1768 2.509527 -0.033103526
0 797 1271 2.1391966 -0.6879817
4 99 942 2.6295717 0.6595568
0 687 1560 2.0937288 0.23692602
8 143 1072 2.5655777 0.6870354
2 962 772 2.1982324 -0.17023069
5 83 1798 2.595141 0.12333071
9 189 943 2.6522298 0.33081716
8 1001 912 2.3977108 0.3515007
8 63 661 2.4222057 0.33089298
4 738 611 1.8661636 -0.34733862
2 455 328 2.4487965 -0.25825125
9 852 1338 2.7392685 -0.33563003
4 750 1551 2.56598 -0.6595804
9 771 1241 2.4283955 0.1316204
7 830 960 2.50858 -0.6903495
7 918 737 2.6747522 -0.33526057
7 917 854 2.1523583 -0.59643245
8 860 1810 2.1234663 0.6039352
3 300 1183 2.529892 0.45592922
8 350 440 2.8054583 -0.77119696
8 990 873 2.3942554 0.7101912
6 360 521 2.585595 0.5196077
4 840 1607 2.2227163 -0.62065613
2 168 1491 2.4013038 -0.10788703
4 592 1518 0.9203779 -0.4122579
6 249 1625 2.7464643 0.6326336
1 750 704 2.146038 0.0075486302
5 806 705 2.5660985 -0.4661755
1 781 916 2.3076282 0.23918945
5 113 61 2.458059 -0.7513646
5 358 1756 2.3556044 0.19557434
1 903 897 2.3434675 0.16343516
1 256 1221 2.2196267 0.5154261
5 470 1601 2.2650254 0.3497278
4 427 1044 0.9513205 0.7010413
4 513 181 2.495937 -0.24227
9 271 1046 2.4046564 0.10273665
3 886 1667 2.4499924 -0.19226283
1 394 187 2.4963863 -0.4711999
3 987 700 2.3408375 -0.6370326
1 114 904 2.3547318 -0.19182485
0 178 1115 2.4741666 0.28309506
1 947 573 2.359157 -0.5089437
9 760 1108 2.345561 0.51835567
8 342 1172 2.1320922 -0.14027196
9 266 1477 2.6161847 -0.3774973
5 969 451 2.2063656 0.7223796
3 789 459 2.4108186 -0.5667298
0 417 159 2.5402572 -0.5310786
1 810 1473 1.8162496 -0.6194881
4 741 1316 1.3252175 0.30579597
8 950 1356 2.7694008 -0.46366695
7 993 1596 2.2521427 0.5354585
1 564 1650 2.1235538 0.27155608
9 861 219 2.541978 -0.6087228
1 432 1553 1.8530066 0.0092231035
7 976 1761 2.6420383 0.12909436
4 179 1129 2.4556975 -0.28864634
6 344 682 2.4425364 -0.29984194
9 318 445 2.629097 0.42472607
2 101 1193 2.4181106 -0.45787248
1 649 435 1.6309254 0.66617876
2 262 858 2.4148407 -0.1425519
6 650 953 1.4705832 0.6266803
2 187 490 2.2385418 -0.5143619
5 793 1176 2.4977922 -0.34735426
1 236 702 2.6488814 -0.053094685
8 629 356 2.317644 0.050325394
1 176 117 2.6366808 0.1512779
5 726 353 2.2723582 0.042939663
3 61 312 2.5843546 -0.17735249
6 487 1593 2.2654598 0.28390056
1 154 137 2.388449 -0.7480278
1 989 1650 2.1923363 0.27094847
7 741 592 2.2813725 -0.733536
4 222 1632 2.4377923 0.084801435
4 237 898 2.201221 -0.050012708
7 834 1089 2.237561 -0.7006011
4 353 1540 1.4257735 0.719055
9 740 1179 2.1371565 -0.02715689
1 144 85 2.527176 -0.26944768
6 952 684 2.2071006 0.40384322
8 946 1458 2.1805153 0.26901156
0 301 1637 2.3984256 0.51315254
1 520 329 2.252511 0.11003482
3 764 254 2.4314125 0.47674066
5 593 418 1.3696343 -0.38852894
3 869 1350 2.2108963 0.32969946
2 769 1681 2.673367 -0.2847011
0 434 186 2.5643733 0.33369976
0 136 1237 2.3372688 0.5266933
7 999 1673 2.2715034 0.6922423
4 831 284 2.55996 -0.5957568
8 162 335 2.2048345 0.5905717
3 386 122 2.2035007 -0.7505983
3 122 784 2.3221061 -0.50880086
2 779 1232 2.4684317 0.0010763407
9 777 99 2.1241088 0.470926
3 184 1346 2.5806437 0.22648746
3 450 477 1.28213 0.2405302
7 251 953 2.7542596 -0.32623056
3 865 1165 2.5012715 0.17562115
6 784 635 2.3002305 -0.23873937
5 909 601 2.3847833 -0.26110488
6 894 712 2.1333044 -0.3854258
5 712 1139 1.7473795 0.22181112
8 892 1124 2.6001916 -0.11646956
4 773 1023 2.4183655 0.361744
6 307 1851 2.4927962 0.12360644
4 280 767 2.1817873 0.3818969
3 873 124 2.7991402 0.71215636
4 425 1088 1.0448257 0.7193411
3 329 336 2.197627 0.5310783
7 70 1797 2.4712834 -0.5340832
0 493 210 2.3173857 -0.05895394
6 329 280 2.5549304 -0.1027993
6 392 1000 2.3391156 -0.7504272
0 783 101 2.3547 -0.2506541
1 300 750 2.3468437 0.3267563
1 734 1660 2.289643 0.46068972
5 925 769 2.61755 -0.031613946
5 399 722 0.93737215 0.67273885
1 571 1598 2.1694562 0.07489401
2 268 1825 2.4057617 0.63659555
9 794 1163 2.5152266 -0.16629553
6 190 482 2.2357612 -0.08167523
1 969 1348 2.0504692 0.44988805
1 710 419 2.3890882 -0.5960014
1 142 238 2.38782 -0.74498355
1 178 1234 2.2386682 0.074717045
9 366 471 2.3035803 -0.6322659
9 921 1313 2.6457474 0.7016464
7 580 374 1.9462692 -0.4580282
2 180 1128 2.4485846 0.17845511
0 370 144 2.6007743 0.5333367
3 241 1358 2.1646414 -0.22652042
8 748 1008 2.4310398 0.027858377
0 99 1704 2.3022258 -0.1803844
7 257 1807 2.8532896 0.605321
1 958 359 2.313202 -0.7269165
2 803 1330 2.2835824 -0.6144661
3 949 519 2.0987089 -0.6430252
6 794 550 2.6640828 0.47397023
0 70 1339 2.4430017 0.4972455
9 576 382 1.4625688 0.12341142
2 772 1738 2.1713798 -0.19691133
0 141 174 2.463862 -0.781649
8 118 1397 2.1446083 0.3609832
1 289 611 2.5067239 -0.30345976
1 363 1565 2.229304 0.016304255
3 171 1022 2.462375 -0.1191923
5 324 544 2.7907763 0.16473228
9 722 1131 2.3793566 -0.65453696
9 753 1082 2.4560993 0.38798207
8 227 1140 2.2114942 -0.106378555
4 995 1667 2.6937883 0.7178163
8 865 1478 2.5090485 0.037271976
2 435 1558 1.9095948 -0.24367636
2 737 1530 1.7641903 -0.36558554
7 770 203 2.277417 0.34035903
8 800 1515 2.2655525 -0.06862438
7 366 1677 2.4887786 -0.6934354
5 563 1743 2.3950207 0.51306504
8 80 1330 2.1306646 -0.34622398
8 228 1665 2.1409473 0.49576253
0 429 1661 2.4755363 -0.6819541
4 392 273 2.3935993 -0.34029695
7 246 751 2.446916 0.49449915
6 240 304 2.6331673 0.21915239
3 110 350 2.6699016 0.13111651
0 1048 344 2.339789 -0.755745
5 792 1203 2.5483112 0.38405138
2 317 422 2.7052183 0.14799613
7 749 885 2.3649812 0.13572031
0 629 268 2.4786391 0.012204826
5 869 1569 2.3650515 -0.19964838
3 229 1331 2.5405736 0.50513536
5 922 1356 2.249464 0.7009111
5 219 94 2.694547 -0.73260325
2 493 426 1.7920489 0.7470642
7 997 1062 2.2130184 -0.187105
2 714 730 2.820807 0.6001846
4 183 961 2.443724 0.5395021
4 910 652 2.3613927 -0.61368257
9 723 290 2.2934327 0.24033564
1 392 922 1.7371442 0.07824379
6 869 1484 2.5269353 -0.27409917
0 511 1859 2.6422367 -0.1416744
4 376 932 1.9034702 -0.3869256
0 769 1381 1.1176043 0.57209605
2 397 884 2.0485759 -0.08255941
6 775 1775 2.2575295 -0.37601078
5 282 1079 2.289111 0.682368
6 686 1537 1.537667 -0.5075661
5 213 1342 2.222557 -0.056592703
9 494 1749 2.269583 -0.6250943
9 686 1805 2.3328788 -0.56149477
1 817 261 2.66108 -0.24881202
1 824 1107 2.5169961 0.76284665
0 735 242 2.5635345 0.61375445
2 967 1404 2.0959747 0.30502433
3 772 1547 2.2392802 -0.06310642
9 919 1654 2.3699534 0.30270153
2 296 1819 2.4395955 0.7850948
6 439 413 2.2485902 0.7553794
0 496 1738 2.258234 -0.6876147
2 346 939 2.3164499 -0.16173291
6 970 1440 2.2267678 0.5211045
3 330 219 2.3620465 -0.54208684
0 124 355 2.3754978 -0.11495066
8 295 350 2.5082223 0.29908496
9 691 990 2.41029 -0.29134026
0 362 1490 0.8010761 0.6705194
9 575 269 2.3225462 -0.73055995
4 493 1553 1.5004259 -0.1837858
9 225 1357 2.257548 0.46994632
6 410 416 2.4518158 -0.2902029
9 847 1564 2.052952 0.33517224
5 408 1087 2.0146663 0.1591717
6 229 410 2.2915025 -0.11898649
3 856 574 2.3684673 -0.035687268
6 231 418 2.5685549 0.145531
4 318 612 2.3209782 0.069551766
0 241 1370 2.314174 -0.20089322
6 746 439 2.679284 -0.7066472
9 271 1326 2.359117 0.25744087
8 959 1092 2.3122036 -0.1576342
8 366 756 1.5286303 0.6807069
6 166 292 2.4470057 0.009570718
8 313 1728 2.4826632 -0.57541376
4 386 529 1.5970365 0.03582573
1 557 306 2.3047915 0.26545972
1 316 376 2.6161735 -0.09715742
0 345 1357 0.840495 0.2306053
6 689 743 1.7572032 0.26048285
2 787 365 2.560529 -0.7139701
9 468 1743 2.2517812 -0.6108944
1 767 732 2.6599295 0.6661132
1 925 1708 2.4315212 0.14413756
4 997 1304 2.1579874 -0.07625532
6 801 437 2.3920045 -0.1978504
8 324 438 2.4727032 -0.21693641
2 356 186 2.0963745 -0.7717869
5 763 1423 1.1167477 0.2277494
4 936 610 2.3714895 0.62645954
8 288 1688 2.2278821 -0.74464524
2 814 760 2.6933017 -0.48816046
6 738 874 2.4235795 -0.5230719
7 184 590 2.4431782 0.38524204
8 184 1507 2.6690283 -0.70590544
7 275 486 2.0785198 0.4211101
9 152 1446 2.4366481 -0.031459987
5 817 1535 2.1999395 -0.6067162
4 173 727 2.3935676 0.43260652
2 443 1597 2.2550387 0.76992124
5 833 650 2.5096562 0.31376404
1 666 1062 1.4340516 -0.33650038
7 368 541 2.251523 -0.003397882
4 203 1103 2.3871148 0.38865298
8 300 188 2.2103262 -0.68084604
6 440 1539 1.3668586 -0.2778319
3 702 1499 1.0650102 -0.36087245
3 80 685 2.3932579 0.77219075
8 345 827 2.4725256 -0.4994908
7 76 433 2.3674302 0.6098984
7 789 1777 2.3301253 -0.49829602
4 730 198 2.5858192 0.17378992
4 445 1585 2.0155036 0.5140297
4 716 1493 1.0020427 -0.26445562
8 171 238 2.036371 -0.109502316
8 76 1741 2.6184616 0.023390591
0 457 50 2.3230076 0.07797104
8 860 1093 2.3107421 0.252003
7 656 1774 2.620761 -0.42378289
8 944 244 2.4399002 0.56362396
4 825 991 2.2789469 0.13295466
1 776 1839 2.791165 -0.777857
7 772 1465 1.3758739 0.25679213
6 948 436 2.1617174 0.08532339
2 317 78 2.6434307 0.7047592
4 284 549 2.3466296 0.099711955
9 838 1274 2.3576791 0.5442799
0 721 852 2.117871 0.7386727
4 1014 785 2.33116 -0.6625223
2 735 1807 2.3419187 0.0487262
4 846 303 2.035715 0.21709734
0 262 1546 2.0669475 0.6973657
3 854 1292 2.6690233 0.5756604
9 608 1512 1.0059636 0.33600932
9 1023 1453 2.104313 0.028869152
8 397 407 2.5331898 0.21476513
2 87 664 2.2271311 -0.10565215
0 444 95 2.480531 0.4217282
5 659 1861 2.1679664 -0.058596313
4 978 446 2.2529562 0.6606713
4 554 1800 2.2176774 0.19379234
4 246 1830 2.1412258 -0.73583215
5 571 1720 2.5908313 -0.50953186
2 879 650 2.7595851 -0.29893443
7 145 615 2.3932722 0.38021797
3 887 891 2.1745143 -0.3960338
5 67 1178 2.3898315 -0.17516899
0 637 858 0.9644178 -0.27693355
5 908 678 2.3651543 -0.3046245
7 779 1627 2.5582042 -0.2083264
6 408 744 0.94578195 0.13915426
8 30 1825 2.442986 -0.36291474
3 484 1693 2.5413446 -0.7826912
6 215 246 2.3184767 -0.04182148
9 321 95 2.5482163 -0.10990536
5 281 1084 2.717848 -0.22857887
4 821 589 2.3187037 0.42679638
7 557 1792 2.2313325 0.72893196
2 940 1587 2.4120967 -0.2529413
5 243 677 2.4368355 -0.1888519
9 847 1017 2.1234975 0.77762693
0 713 1781 2.5364923 0.1154269
1 831 1388 2.0973594 0.62787503
3 1016 803 2.1329136 -0.41978654
8 750 1044 2.394076 -0.58017206
9 581 293 2.4719117 -0.0579592
0 144 1485 2.3061252 0.6747952
7 296 217 2.45662 -0.02158469
4 364 1105 2.2674074 -0.7745157
3 96 1486 2.4143326 0.69219214
4 688 323 2.5109951 -0.7448588
5 926 143 2.3190572 0.34272164
8 300 979 2.539678 -0.43100116
9 900 250 2.0918581 -0.7175127
4 973 1033 2.6238823 -0.007206738
1 831 1728 2.2163327 -0.30480623
0 254 132 2.739596 0.48363966
3 524 1746 2.176943 0.53322786
4 72 1578 2.3310168 -0.39503893
3 269 748 2.270774 0.4106446
6 693 778 1.8904341 0.7439291
5 244 533 2.4251058 0.55819875
6 959 623 2.6672325 -0.4796792
4 662 898 1.2339144 0.111130655
1 993 1652 2.3596365 -0.34767613
5 659 132 2.2553513 -0.5436269
8 193 1535 2.488924 -0.23210233
3 1019 334 2.1596591 0.54641837
6 89 1741 2.4095428 -0.7197098
2 388 905 2.041617 0.21292305
2 202 854 2.3177147 0.1726734
9 183 758 2.4110105 -0.24805963
7 350 167 2.0825016 -0.7741424
8 466 527 0.91703266 0.34453815
0 180 1199 2.4393752 -0.03297627
1 506 375 1.73474 0.2586369
4 364 1656 2.46357 0.68168074
7 327 1031 2.1743193 -0.745176
8 64 1642 2.6027527 0.70273083
5 319 985 2.3759177 -0.7673932
7 411 711 0.86140007 -0.66488516
4 911 268 2.382755 -0.46541348
9 673 1091 1.9010272 0.2147755
5 109 264 2.470287 -0.48716822
1 173 1706 2.4394689 0.11430442
6 764 920 2.461979 -0.30985063
3 143 639 2.0755067 0.5500284
5 267 1389 1.9038819 -0.55174065
5 868 391 2.606971 0.7440445
1 94 228 2.256108 -0.061212778
3 189 958 2.502739 0.6934232
8 820 1388 2.153628 0.47710282
4 222 220 2.2719662 -0.7180874
0 414 1736 2.3300195 -0.053904653
6 637 1809 2.7596135 0.52293736
1 268 696 2.5238907 0.7803344
2 49 227 2.1058018 0.6422363
5 404 191 2.3740888 -0.6368238
9 515 1706 2.2211604 -0.16436714
2 929 1803 2.2950702 0.08373076
3 970 665 2.582741 0.036397517
5 269 424 2.6908736 -0.2281394
3 185 1765 2.2570472 0.3595106
4 766 1582 2.30311 0.19833004
1 27 494 2.3366764 0.11367667
3 196 1402 2.2713473 0.26737887
1 846 749 2.3060837 -0.51929057
8 63 1292 2.4754882 0.22999007
3 496 287 2.2932582 -0.4525997
0 414 1075 1.6103853 0.5010051
6 141 1013 2.4870727 -0.14579111
9 474 346 2.4276607 -0.26475197
8 929 1332 2.521535 -0.64553565
6 166 603 2.387045 0.353378
8 366 174 2.486462 -0.023127496
3 970 1705 2.1848712 0.6282323
3 580 1553 1.6413592 0.56754833
5 935 1397 2.1357257 -0.28517044
1 961 426 2.1982663 -0.24582261
6 836 120 2.1095784 -0.030047357
5 787 993 2.741797 0.5589363
8 958 1676 2.493897 -0.19770509
8 631 90 2.7304087 0.27981156
2 800 431 2.5622396 0.65751845
8 726 289 2.4070725 -0.37990528
3 313 1842 2.3530712 -0.3853992
1 644 1628 2.6359942 0.027780175
2 250 1455 2.0669427 0.3515851
8 115 672 2.4098043 0.45416492
8 832 631 2.6888802 -0.19228804
5 108 456 2.1396718 0.43412596
2 419 1006 1.859115 -0.19476455
8 933 1532 2.2384367 0.650714
2 786 828 2.1661668 -0.25886834
4 959 510 2.5904117 -0.11696577
6 327 797 2.7207508 0.08697027
4 510 1621 2.3837688 -0.50052696
0 310 1827 2.271311 -0.6885455
9 209 281 2.3056884 -0.33754113
9 238 531 2.457131 -0.72363985
2 904 1168 2.028009 -0.30944112
9 761 1182 2.1506996 0.56710666
7 772 1520 1.7518694 -0.6846727
5 706 1824 2.2487416 -0.6601268
6 322 1621 2.25518 -0.5389129
9 249 1314 2.4445367 -0.13728148
2 682 588 1.1800662 0.7083921
4 949 750 2.2978554 0.41987115
2 467 1578 2.2785962 -0.4108682
5 233 592 2.6167626 0.17790806
2 903 1428 2.2903745 -0.052995205
3 877 1684 2.303025 0.023063898
5 931 1840 2.5070834 0.14032507
7 151 255 2.1800942 -0.601934
7 319 754 2.2387874 0.6219614
9 352 180 2.6248379 -0.033260345
0 111 1212 2.7775323 0.45362788
9 886 1385 2.5279822 -0.50550306
3 812 1261 2.3575976 -0.41331047
6 1018 1509 2.4336972 -0.53852165
7 895 1254 2.1799397 0.3499933
9 670 566 1.2886316 0.088918746
7 271 817 2.317299 -0.3330315
3 799 848 2.3113053 0.78155786
1 267 561 2.4665494 0.48138314
0 431 1785 2.394535 -0.57228094
8 269 1737 2.7057457 -0.21334392
6 158 1726 2.5594022 0.5163658
5 629 1115 1.087745 -0.30291075
5 952 112 2.3159282 -0.44458032
0 366 1713 2.2654314 -0.42932746
6 272 533 2.3707867 -0.41735888
7 695 863 2.1703968 -0.20468765
7 982 256 2.479363 -0.71850353
3 1004 251 2.2366688 -0.74202645
5 736 1021 2.1859937 -0.46206418
1 172 1609 2.1596572 -0.75064564
4 498 1600 2.2256114 0.4634319
6 55 1612 2.1408467 -0.016574383
6 1013 1278 2.3045564 0.634762
0 418 970 1.916893 0.057837665
1 687 1624 2.7626386 -0.2442295
0 201 1191 2.3005676 -0.5078745
2 908 438 2.4237196 0.7233378
9 599 426 1.354198 -0.50138414
7 370 1121 2.1554122 0.23787099
6 408 361 2.3358765 0.10770559
3 914 924 2.808967 -0.35556054
8 248 1282 2.2190053 -0.26899886
1 807 66 2.271153 0.7154164
8 296 1432 1.5667427 -0.17115283
1 72 788 2.4331732 0.6090427
3 903 1211 2.3579385 0.0091205835
5 798 76 2.4766688 0.667221
1 782 1533 2.3191416 -0.31431028
9 570 1685 2.2979903 -0.17317402
3 1032 1128 2.3424325 -0.63633186
4 85 209 2.0386705 0.5662815
6 173 413 2.7026815 -0.567594
1 506 1600 2.3354874 -0.023275495
7 406 564 1.2297456 -0.7483926
9 904 1720 2.2910757 0.14462799
4 879 1559 2.098641 0.22495538
2 830 1410 2.3672564 -0.1455208
0 994 203 2.3952706 -0.07047528
3 552 1565 1.9995198 -0.40603724
0 1026 58 2.2977114 0.39156336
5 887 144 2.341149 -0.5133152
5 610 532 1.0753556 0.27243418
4 203 1452 2.4932046 -0.114225745
1 526 333 2.375844 -0.54610586
9 846 1422 2.480798 -0.13901985
3 544 331 2.467449 -0.41742638
6 752 633 2.2156465 -0.3703336
0 885 888 2.2848687 0.33870476
4 967 1743 2.2856488 -0.33217978
8 536 1607 2.7322426 0.7779699
2 175 780 2.2445304 -0.5160824
8 720 358 2.4114802 -0.1391862
4 666 123 2.2442598 0.04366201
4 244 1284 2.4729264 0.39013237
4 234 1171 2.386748 -0.08002198
5 918 118 2.3994281 -0.022456586
2 675 77 2.2154143 -0.55948
9 734 873 2.3120403 -0.29603133
0 788 777 2.657362 -0.016432524
8 722 399 2.4828758 -0.07000691
1 662 1049 1.4215114 0.3870601
0 1011 946 2.3076272 0.091509044
0 1008 609 2.4030015 -0.5751239
5 900 433 2.3319025 -0.089004695
6 187 246 2.122268 -0.08890748
4 889 1639 2.3014057 -0.6225643
9 518 217 2.5140805 0.52173096
9 357 1726 2.3423629 -0.015698195
0 313 1686 2.6182919 0.57247704
2 416 1021 1.6412278 0.37616605
6 884 565 2.2415328 0.13848186
8 713 1266 1.0289782 -0.14211857
6 965 623 2.518997 0.31152862
5 1020 547 2.6093953 -0.75714624
0 1005 1688 2.0913417 0.22453743
4 786 573 2.7339454 0.21798486
1 880 902 2.338906 -0.13936996
6 286 209 2.0313218 0.02587384
7 268 1384 1.8958132 0.6671658
1 944 839 2.024075 0.66757935
6 404 382 2.5796118 -0.109099984
9 140 1476 2.1412773 -0.015245616
9 125 502 2.170651 -0.6959639
1 210 1120 2.3663793 -0.46018302
3 806 1271 2.1509984 0.6971411
8 547 189 2.2742426 0.48859304
6 996 416 2.5585575 0.3934633
7 332 1202 1.6946914 0.7656508
4 407 905 1.0812639 0.77827567
5 899 38 2.3944306 -0.028160214
6 757 1826 2.3951678 -0.46649608
1 862 1748 2.1532135 0.435489
7 884 1411 2.151199 0.5461518
8 1052 971 2.3828912 0.58153576
8 857 1214 2.2573779 -0.22938961
2 497 1843 2.6118662 -0.6373229
1 826 103 2.409178 0.6701768
1 1027 225 2.4313493 0.02574408
0 201 1635 2.2934437 0.56103677
2 719 229 2.2234728 0.44568533
6 426 165 2.2828052 0.44369954
1 976 1574 2.250941 -0.5599959
0 333 900 2.4840555 0.63799816
6 666 1153 1.0130075 -0.45385122
3 227 1817 2.2892208 0.40269762
7 290 1813 2.1834724 0.23304468
0 915 1829 2.4513228 0.024644613
9 172 1482 2.4291902 0.5360909
3 896 202 2.252544 0.7138676
2 267 627 2.331678 -0.20632511
6 68 234 2.1600368 -0.74619687
0 918 740 2.4191773 0.4215024
9 213 559 2.2373915 0.44876665
0 762 1431 1.0607593 0.3472033
1 103 1427 2.4713728 -0.17279524
6 757 796 2.3660786 -0.07290566
2 954 1395 2.3524253 -0.2974836
5 568 351 2.2745826 -0.560985
7 623 1730 2.324839 0.027427316
4 265 1296 2.242302 -0.29507512
5 84 1611 2.4242585 0.02843517
9 790 545 2.386537 0.022539914
1 994 536 2.202519 -0.30448207
4 737 1539 2.1453855 -0.311883
0 963 941 2.1026874 -0.63604075
9 984 494 2.479355 0.37103087
2 1044 1725 2.6198096 -0.5527386
4 215 1782 2.202301 -0.023146689
0 196 1016 2.2048001 0.6646188
9 289 1245 2.425366 -0.66561097
7 439 1859 2.7240868 0.433075
8 396 515 2.1705744 0.5615266
7 577 1690 2.5959113 0.04601991
4 947 336 2.7164178 0.7657557
1 378 1664 2.3843522 -0.33877176
9 962 542 2.2292957 -0.21506459
2 324 660 2.0325089 -0.49611276
8 947 557 2.5154004 0.19930935
2 245 1438 2.598052 -0.6207205
0 1008 378 2.3735697 -0.58103156
9 95 175 2.2350357 -0.12608689
8 1006 323 2.773581 0.12211692
4 362 1874 2.3339722 0.7537381
4 700 904 1.570744 -0.7099271
7 1027 717 2.281738 -0.24880701
0 676 981 1.7715089 -0.7162235
7 52 1579 2.5388668 -0.35025883
9 650 468 1.822534 0.65281147
8 838 1637 2.2780755 -0.45742074
9 272 461 2.5586112 0.4173295
9 419 573 1.095536 0.07434571
1 914 144 2.5070927 -0.4706456
4 564 300 2.7960615 -0.7661838
9 606 128 2.5030937 0.28502733
7 744 901 2.3508403 0.5653544
7 962 230 2.1961741 -0.075710416
5 662 126 2.461415 0.13066548
4 516 212 2.5965161 0.2607445
6 172 131 2.6299794 -0.4770586
7 456 1825 2.4589782 -0.54654217
6 693 681 1.4991242 0.25210828
1 206 1401 2.3376658 -0.5965749
3 185 1257 2.2901056 0.69710225
3 105 1862 2.2276149 -0.38394883
3 146 318 2.5770247 0.19503164
1 188 1152 2.4900124 -0.3128009
0 105 88 2.5078604 0.33325344
7 592 1781 2.5924842 -0.38547167
7 550 401 1.119082 0.49410564
6 262 258 2.1970873 0.38719207
2 897 363 2.3998137 0.0018668175
3 718 1624 2.461515 -0.0135756135
6 1017 589 2.1339731 -0.64243585
9 949 866 2.8369625 0.3068859
4 935 655 2.3132758 -0.29303443
7 207 924 2.1115494 0.7728663
6 675 1029 1.812811 -0.36743736
7 128 1770 2.4337826 0.02558297
5 757 1662 2.2152286 -0.17137122
4 266 1011 2.2983584 -0.6957516
0 378 1609 2.3366828 0.40856868
2 572 120 2.8207533 0.35668796
7 821 721 2.3566597 0.46936983
0 188 1843 2.3098311 0.061309397
3 142 1367 2.6305447 0.09708297
0 875 1741 2.1275685 0.16082895
0 157 910 2.3047364 -0.54645205
4 877 230 2.3421726 0.62919766
9 59 867 2.535864 -0.12099379
0 832 566 2.6425953 -0.20805156
9 213 78 2.7410011 -0.40430441
0 457 70 2.406944 -0.7357068
4 701 965 1.7561089 -0.61059713
4 750 1638 2.7588668 0.320831
6 971 438 2.428038 0.15123421
0 312 466 2.186061 -0.14036822
8 342 1037 2.5187302 -0.17615372
9 970 1532 2.5409386 -0.38724992
7 582 1836 2.0900507 -0.69222796
5 350 266 2.7412057 -0.048457205
3 540 88 2.3387733 0.13930279
8 267 1611 2.3677528 -0.0057472587
5 161 1641 2.237694 -0.1341427
8 716 1187 1.7301369 -0.50679904
1 467 186 2.3861473 0.6233699
9 138 1103 2.3009906 -0.6932461
7 955 1688 2.2591178 0.02930218
0 58 563 2.2314548 -0.36760366
8 646 1063 1.7248769 0.2773636
1 567 319 2.328994 -0.75637764
2 956 224 2.352011 -0.64585507
9 769 1388 1.1131185 0.38894004
3 891 110 2.2736428 0.6208584
9 391 1651 2.23169 0.76589054
1 141 978 2.24339 -0.17080349
1 194 42 2.3512836 -0.1171028
6 338 502 2.3567135 0.41521066
8 451 1563 1.9666681 0.18789428
1 933 645 2.3686917 -0.26149672
5 902 1764 2.131558 -0.6301292
5 284 1261 2.2898266 -0.7598247
3 100 1782 2.4655602 0.5724687
1 692 536 1.8211685 -0.36002654
8 962 666 2.7921758 -0.7170819
6 280 1459 1.9806019 -0.025598943
1 67 939 2.2876916 -0.5752856
5 1019 1356 2.4140797 0.43275052
9 343 910 2.5264587 0.6292663
7 306 967 2.3995872 -0.06487268
2 530 130 2.5291264 0.7551401
2 995 360 2.50253 0.44896656
3 716 1537 1.6261978 0.67095834
1 91 158 2.5103278 0.47767693
2 393 492 2.293908 -0.34152645
6 222 1027 2.1430552 -0.2559719
4 276 413 2.2415679 0.024207592
1 953 770 2.2262146 0.15183443
5 160 741 2.1257331 0.59849423
2 673 753 0.932409 -0.6381656
8 859 511 2.641797 0.46677345
9 146 1851 2.3970766 -0.38108817
5 313 166 2.3178694 -0.32339564
7 640 1694 2.2860897 -0.31129417
0 322 341 2.738639 -0.06275642
8 315 1472 0.94060177 0.2088654
0 776 1010 2.3403003 0.7174029
6 525 113 2.2574592 -0.7083344
3 360 213 2.2776237 -0.12737697
1 590 1749 2.1837878 -0.30969858
9 1031 901 2.609641 -0.76644015
7 159 1192 2.0582678 -0.27497244
0 985 935 2.4082797 -0.35274547
2 550 1681 2.3191702 -0.11874074
0 51 1092 2.5178795 -0.09986466
0 864 395 2.686769 -0.6224549
4 361 1281 0.82012516 -0.12318325
2 124 254 2.2847486 0.18209654
7 635 1833 2.4361622 0.18648267
1 962 1415 2.563731 0.34937316
4 163 745 2.376438 0.14175731
4 134 1841 2.1310484 -0.42386314
4 287 1414 1.0810502 0.69911355
6 184 751 2.6902304 0.70556766
6 154 428 2.3407292 -0.41869053
3 509 388 1.402037 -0.01641792
4 799 1250 2.3165789 0.28228182
3 494 404 1.5660925 0.33652145
8 752 1065 2.4656296 0.63311094
7 416 484 1.9215922 -0.73887026
5 59 301 2.427857 0.014006078
2 602 98 2.702719 -0.06634015
4 64 1735 2.4155245 -0.16201776
5 821 520 2.0608857 -0.64378387
0 284 408 2.6887047 -0.1444856
5 849 1026 2.2729454 -0.2198022
6 537 304 2.4719179 0.6913399
2 702 183 2.2210107 -0.060362697
0 550 143 2.6587813 0.4896292
6 205 1354 2.4486928 0.09879756
4 888 98 2.5891106 0.4856028
5 358 1619 2.4736848 -0.18857795
0 840 353 2.353011 0.039850235
7 678 933 1.8870492 -0.113491
8 948 1442 2.5234735 -0.27821386
9 850 1071 2.6524284 0.5943548
2 619 366 2.2279122 -0.11616272
0 198 1777 2.653199 -0.11031169
9 172 1662 2.2219903 -0.11776364
7 816 154 2.1161506 0.54493934
9 170 913 2.4905524 0.5617989
1 550 1730 2.3632672 0.48497313
4 534 1624 2.2253048 0.07312071
7 591 1600 2.545073 0.6464768
4 419 473 1.4419725 -0.57102597
8 648 1139 0.949997 0.4217562
9 715 356 2.390724 -0.7335557
6 795 1400 1.2366921 -0.7216112
1 791 1661 2.3503788 0.5755542
1 629 448 1.1373523 -0.12721056
3 777 595 2.5451467 0.58997256
3 453 991 0.9002903 0.2250387
7 196 195 2.3668952 -0.29340586
8 694 94 2.6608968 -0.6904083
0 661 1840 2.391933 0.0733251
0 705 520 2.6084838 0.16777605
6 652 493 1.6508634 -0.56671226
8 730 487 2.1397989 -0.6242429
2 249 1216 2.366015 0.27071542
9 900 1289 2.4387984 -0.3711289
3 942 1374 2.469912 0.581556
0 799 76 2.4119503 -0.47769132
3 232 445 2.327762 0.757345
5 608 1824 2.2563272 -0.05783242
8 320 1592 2.2207382 0.031603813
7 815 134 2.4867692 -0.64579463
3 277 1262 2.2553625 0.61952275
4 69 1790 2.5801558 0.74346083
7 224 1437 2.353408 -0.4752456
6 382 137 2.2249546 -0.30435082
9 577 1765 2.377882 0.64005965
3 196 506 2.36674 -0.56102043
4 674 738 0.803756 0.6181819
6 923 1564 2.1885114 -0.46406984
1 803 143 2.4577327 -0.25875396
9 124 1059 2.8516483 -0.008862436
5 255 1138 2.2965868 0.44776136
1 474 416 1.2052519 -0.71510273
8 610 1827 2.5846467 -0.56831884
4 1040 1850 2.7694824 -0.60167027
8 699 665 1.6789582 0.6111857
7 479 1821 2.364584 0.5093841
2 104 246 2.6144834 0.35344547
0 141 1302 2.461699 0.33818406
7 246 1310 2.663836 0.75857717
9 889 1458 2.7822251 0.39958376
7 906 485 2.1490707 -0.65232825
3 93 233 2.3119984 0.10479325
1 715 1100 2.2216356 0.26475257
7 414 948 1.3475415 0.51388043
8 924 1197 2.3028278 0.22585362
6 672 778 1.4240317 0.705306
8 429 278 2.245692 0.5013854
9 192 125 2.4637856 -0.31024024
3 706 1742 2.7492237 0.12906736
3 358 159 2.2343569 -0.7284643
6 447 1750 2.2867103 0.40624458
3 889 819 2.3775113 -0.1927895
3 489 69 2.4052575 0.22713298
8 918 78 2.7567708 0.230061
6 751 1748 2.177569 -0.7818491
0 898 123 2.4985182 0.7740088
6 936 1689 2.433907 -0.14995325
0 768 109 2.7917066 0.4889521
1 346 1181 1.2919775 -0.5490929
0 356 700 2.3485756 -0.0070734024
8 1004 539 2.2514818 0.25305086
4 823 528 2.241263 -0.09063876
1 355 588 1.6846888 0.6774933
4 403 86 2.479021 -0.011505723
5 345 1609 2.6364942 -0.4455646
8 358 787 1.7505839 0.68335825
0 902 336 2.5733423 -0.74289423
3 107 599 2.2384226 -0.2883063
1 212 346 2.0992267 0.3266098
5 992 837 2.180075 0.18601972
0 26 1844 2.2901237 -0.57384336
5 136 519 2.3574066 -0.0047837496
5 572 334 2.224271 -0.09126341
5 221 1776 2.2357614 0.4931907
6 508 256 2.623994 0.08025408
5 139 993 2.3873372 -0.069699585
3 218 996 2.3938465 0.22451824
8 307 435 2.3211305 0.52459866
1 945 1482 2.1730466 0.52937466
3 737 409 2.3536117 0.62298745
1 783 613 2.4713507 -0.37969208
0 990 1178 2.3560832 0.22520143
0 460 1708 2.5260906 0.75238866
9 281 138 2.132574 -0.6323677
0 366 178 2.764005 0.50114924
3 1005 1037 2.7963586 -0.14446741
8 595 278 2.6630893 0.6811227
1 61 273 2.1186948 -0.2524345
8 673 222 2.2500193 0.21312767
6 776 425 2.5933597 -0.17063338
5 475 1863 2.6508403 0.7167426
7 896 1796 2.2370012 -0.68104327
2 954 1744 2.2055275 -0.28704053
0 397 1140 1.3716791 0.39179963
1 679 350 2.5015116 -0.2750746
4 424 1522 1.0049579 -0.31032187
6 925 564 2.4652128 0.64968914
6 477 355 2.6749399 0.108166814
3 202 437 2.3124962 -0.5423994
1 921 326 2.598738 0.23264271
6 367 949 2.334169 -0.058508754
1 912 132 2.2084548 0.35379642
3 998 1786 2.1521459 0.38204616
5 671 1807 2.179703 -0.24305761
7 140 1516 2.3955388 -0.42027405
0 122 685 2.1909041 -0.11694646
8 925 296 2.4272928 0.32511944
5 442 1135 1.1311507 0.68993586
8 750 747 2.7092407 0.47614855
8 215 972 2.327999 0.011230528
6 825 309 2.3505692 -0.5441163
1 407 1539 1.5304716 0.3673796
6 353 1566 2.101339 0.6979
6 128 231 2.32307 0.43674523
5 495 1645 2.2513916 -0.64473534
9 233 1341 2.599249 -0.17031848
4 217 103 2.6263642 0.2576229
0 491 181 2.4507713 -0.49662724
0 214 249 2.364076 0.57261306
6 781 1228 2.3166509 -0.5696993
1 314 735 2.429706 -0.502773
5 288 265 2.2526464 -0.27701658
2 919 177 2.4009771 0.22768372
5 901 822 2.3108168 -0.74313486
1 954 1376 2.272712 0.13249272
8 129 1421 2.6916957 -0.5359062
4 94 1302 2.2792697 0.13970733
8 931 1296 2.6986976 0.015308738
6 936 568 2.3430758 -0.19516629
4 209 774 2.518594 0.1787579
1 851 1863 2.2701006 0.32160777
6 319 245 2.441678 -0.2283963
5 645 362 2.2326589 -0.6990813
8 887 1190 2.4534602 -0.6164197
3 862 560 2.4409723 0.7577922
6 699 738 1.3642306 -0.36664745
7 1034 524 2.274293 -0.08844912
6 291 1350 2.0205877 0.16473788
9 80 779 2.5014617 0.11864376
6 128 1553 2.1310358 -0.1306715
9 106 1512 2.3472388 0.30187374
4 421 1064 1.1714245 -0.769736
0 538 1573 2.02545 -0.3594719
4 648 1103 1.2124113 0.22943836
7 849 1642 2.01899 -0.7310749
4 309 1799 2.5694127 0.15700442
6 204 454 2.2395248 -0.40740898
2 364 670 1.3896914 0.38651973
9 853 200 2.3050785 0.23894435
2 723 621 2.4213076 0.24606353
2 256 398 2.2668064 0.6459103
3 370 1613 2.2714434 0.70002776
6 109 534 2.2349958 -0.16760164
2 186 240 2.840469 -0.18786085
8 550 201 2.4615562 -0.107842565
7 228 824 2.6300867 0.35051244
8 762 1655 2.391145 0.43486792
8 181 658 2.3946724 -0.7785784
0 262 58 2.1722767 -0.0980919
0 235 1260 2.5770068 -0.32208148
2 774 1820 2.2710438 0.53676254
4 178 1627 2.6826367 0.07663971
9 641 421 2.2798996 -0.6238215
7 122 1523 2.3086796 0.66201454
0 798 1594 2.6574607 0.447751
9 407 115 2.4631975 -0.5243004
0 321 1536 2.197985 -0.7100226
5 345 1700 2.268133 0.32646805
3 115 1041 2.0817788 -0.76305586
0 100 1571 2.2903638 0.20957714
8 242 1726 2.2691803 -0.17135608
6 735 177 2.4899008 0.74223965
8 1026 1580 2.475315 0.4918409
1 301 1790 2.163889 0.5942506
6 213 1796 2.6959727 0.025599062
9 870 1530 2.5275648 -0.31373054
0 736 713 2.7469373 0.19926786
7 404 357 2.5417383 0.5573208
0 509 395 1.5920196 0.47386068
2 787 1552 2.2075253 -0.5369356
6 338 320 2.4647124 0.50481325
2 805 1528 2.441782 -0.7272352
4 800 210 2.3976429 0.3868572
9 316 476 2.3645308 -0.71688014
9 1011 1226 2.0536938 -0.48573974
3 392 1060 2.3603177 -0.34037316
6 262 181 2.227997 -0.30141917
9 330 545 2.396493 -0.33357006
7 165 1581 2.5287943 0.6516773
3 360 1026 2.5727725 0.19981605
7 383 1851 2.2872682 -0.5234988
9 578 1806 2.3785133 0.69823927
7 284 699 2.3470395 -0.10013533
1 630 101 2.1402369 -0.7076355
3 398 352 2.7344654 -0.2589352
6 113 346 2.1862278 -0.18456435
8 806 1171 2.4999886 -0.5753055
2 953 344 2.3906307 -0.7118002
8 123 1488 2.669115 -0.4948839
1 682 1558 2.0630913 -0.34191847
0 142 790 2.6146214 0.55389136
7 866 1794 2.2699156 0.66465014
0 942 888 2.8135908 -0.22004479
5 1027 1072 2.2671356 -0.06127429
5 207 267 2.6995432 0.5448083
4 164 808 2.8037286 -0.49812666
9 852 974 2.3109703 0.3157032
1 313 915 2.414639 -0.41241372
0 948 1135 2.3320932 -0.345723
5 849 829 2.416606 -0.084076285
1 254 642 2.6793795 0.10315573
2 997 472 2.3341942 0.7833993
1 312 827 2.4249272 0.49647313
4 707 1491 0.88777316 -0.26570058
5 1033 1624 2.34131 -0.42939946
6 716 896 2.1092885 0.29432458
6 143 118 2.2859364 -0.5043614
1 195 971 2.495776 -0.26075447
5 998 1793 2.6525729 0.1585629
4 654 198 2.2679663 -0.48226553
8 59 1744 2.4758284 -0.32554737
3 971 1165 2.1916041 -0.7439409
5 1019 361 2.750839 0.75248045
8 607 1587 2.314701 0.1801998
9 688 664 1.2542083 0.1458568
8 73 373 2.3842525 0.54947776
2 815 1172 2.3046982 -0.61339355
0 1003 724 2.355558 -0.24146807
1 961 1358 2.4239323 -0.42816734
3 1057 523 2.1799757 0.4881584
1 435 1778 2.4085598 0.28712755
9 904 500 2.3747845 -0.35385212
3 1016 69 2.5904071 0.6934344
7 233 846 2.823287 -0.02484256
8 799 1022 2.1931403 0.44436175
0 375 329 2.4357831 0.6422003
4 215 780 2.3205047 -0.29971948
9 628 958 0.94069743 -0.2534839
9 968 1700 2.3209977 -0.62308955
0 983 497 2.3063078 0.40589744
8 987 1286 2.4561977 -0.29772934
4 565 1659 2.5168116 -0.28370577
8 961 391 2.62115 -0.5949321
4 366 616 1.1118293 -0.67948544
4 945 811 2.5050266 -0.15519845
0 802 302 2.3737485 -0.43533146
2 325 185 2.5470762 0.15347672
9 155 1524 2.2241356 -0.41189745
8 563 1655 2.726446 0.6028914
7 134 871 2.4725854 -0.5831963
4 839 839 2.0898252 -0.36847794
1 978 1288 2.614367 0.09713638
1 480 339 2.3459322 -0.41542652
8 847 338 2.1737776 0.42756528
8 244 536 2.3958786 0.46104175
1 837 817 2.1668735 0.44129592
9 919 1360 2.404469 0.6560591
0 132 1320 2.207324 -0.6439458
4 375 805 1.6958748 -0.40311348
5 521 1585 2.280871 0.4453172
7 171 1618 2.323634 0.037433207
8 322 744 2.206966 0.35232204
8 1027 242 2.3044481 0.24400288
3 953 1700 2.2257545 0.76338
6 840 259 2.7193546 -0.6387874
2 278 1781 2.1618457 -0.62333363
8 974 1548 2.100649 0.35815638
9 581 1750 2.6834693 -0.6283011
7 323 1164 2.2713368 0.61892956
0 749 510 2.2953663 -0.54161197
9 746 1212 1.9153569 -0.07663059
4 608 1537 1.1304387 0.37382156
9 348 1568 2.5401185 -0.1866675
0 652 804 0.9812148 -0.36764476
1 60 351 2.6396053 0.3172508
2 895 205 2.64554 -0.6182996
8 262 855 2.180213 0.6938047
6 874 1565 2.4305098 -0.7146625
5 596 156 2.3706465 -0.05275297
6 473 1679 2.364701 -0.7011168
6 196 1433 2.175754 -0.6039984
4 861 502 2.5306191 -0.6637742
1 326 526 2.63041 -0.19724375
1 272 1705 2.3073864 0.17915732
6 71 892 2.1902018 0.15408754
5 627 350 2.2250392 0.16530442
8 695 866 2.572139 0.37904078
2 455 354 2.589171 0.15978277
8 944 1637 2.7407799 -0.488939
5 236 38 2.3873513 -0.24915206
7 420 252 2.5099692 0.31258947
6 372 329 2.1770601 0.23602635
2 184 708 2.152918 0.44678086
4 125 1095 2.3922741 0.031876147
0 670 955 1.854688 0.7574629
6 394 117 2.8039467 -0.22193259
5 625 1738 2.7231073 0.14785892
1 239 1204 2.379507 0.5324194
2 883 1819 2.2744193 0.23108345
3 611 1655 2.0979042 0.14009589
5 992 967 2.42133 -0.054897964
2 151 765 2.4402034 0.5705263
3 116 1286 2.368283 0.44101113
3 980 1758 2.1250699 -0.17278343
2 419 255 2.4330022 0.21190655
2 896 1206 2.4857993 0.71345896
2 798 115 2.3945174 0.7772022
8 816 1100 2.298989 -0.6023428
9 463 269 2.512367 0.7035826
5 122 1609 2.213117 0.40110022
2 416 1716 2.4606886 0.24536341
0 416 713 0.8450273 -0.10885954
2 768 1053 2.5724573 -0.15232313
9 913 1486 2.80103 0.7105227
1 581 385 1.4278516 -0.26350594
4 384 409 2.5246348 -0.16911447
2 290 1461 1.6343714 -0.23364401
6 917 635 2.3174145 0.51455814
9 1005 1617 2.293949 0.042498052
2 716 1064 2.1181545 0.77367204
2 469 1810 2.262419 -0.003160119
1 335 1743 2.7942924 -0.45132807
6 643 292 2.3172507 0.2803201
8 257 1037 2.306884 0.23929459
9 360 1827 2.0977867 0.7509131
0 953 1453 2.5591555 0.42829436
7 341 1518 1.4151845 -0.34869432
9 440 120 2.0204387 -0.15068692
7 974 1377 2.7109444 -0.70335037
1 459 1754 2.7646475 0.6680277
2 188 510 2.668111 -0.09716034
2 134 1250 2.3798406 0.7393635
4 298 1371 1.0522046 0.5650956
8 686 1624 2.5489566 0.7444796
6 800 1443 1.7598388 0.6005673
8 882 929 2.3161483 -0.42705983
0 822 1221 2.0950797 0.32913214
2 892 1723 2.1102326 -0.3233695
5 106 1105 2.7853508 0.12393588
1 73 1675 2.47707 0.7445113
4 443 238 2.5286791 -0.013059318
3 433 218 2.5754204 0.50485307
3 663 162 2.594695 0.24289352
4 484 1538 1.1906316 -0.7309735
0 959 1064 2.2351143 0.24011964
3 157 957 2.1926658 0.7209684
4 238 1254 2.603834 0.616036
0 391 900 2.2199874 0.24274796
2 388 571 2.5905647 -0.1497997
6 280 347 2.3933046 -0.6229829
9 898 1352 2.4845018 0.38314134
3 968 606 2.370561 -0.39183107
7 811 1531 2.0335236 0.37850243
9 951 238 2.5402308 -0.10263318
8 399 1099 1.5882744 0.71193737
1 698 75 2.3406293 0.37704784
0 685 912 2.0792909 -0.3864702
5 398 214 2.1939638 -0.3812504
4 771 729 2.4594777 -0.018006861
8 237 340 2.3156683 -0.70220304
5 122 1638 2.4460354 0.19756323
9 179 230 2.2935295 0.039289653
3 775 1022 2.4324322 -0.31043994
9 128 137 2.3198376 0.2742421
2 996 1820 2.4981775 0.68358654
8 646 264 2.723268 0.27652997
1 283 655 2.3240073 0.20572054
8 410 382 2.519473 -0.51534134
9 130 816 2.536125 -0.29374853
9 798 212 2.6986406 0.27608424
7 876 1551 2.679233 0.72688955
4 917 1572 2.1813097 0.22057945
7 118 1014 2.4509823 -0.054437876
5 758 240 2.6994758 0.20165193
5 560 1725 2.3998444 0.5615893
8 558 1823 2.6517072 0.37453943
2 105 989 2.4146018 0.46858925
9 189 1526 2.4109645 0.53277236
9 293 759 2.2499864 0.19497901
1 714 1008 2.4201765 0.10417515
3 666 1693 2.288818 0.2782454
8 293 1386 1.6436603 -0.3833899
4 944 549 2.1948373 -0.47203374
5 634 259 2.681445 0.6193227
5 712 1876 2.1146712 -0.51753736
2 662 742 1.1369681 0.36658138
3 798 300 2.2222264 0.5157917
5 52 1443 2.2400177 0.7624071
3 369 177 2.534192 -0.48327127
9 996 447 2.2949212 -0.6033137
4 802 1633 2.6086473 -0.5952218
0 721 1073 2.2175586 -0.19474602
0 297 1292 2.094486 0.014984965
2 765 1633 2.4852204 0.25565284
7 1006 1113 2.5095913 -0.6741134
3 834 569 2.3702674 0.45053583
3 190 1430 2.2527874 0.5664677
0 806 1344 2.6144297 -0.64522433
4 447 482 1.0531522 -0.5600525
0 939 1296 2.4008112 0.27408677
6 249 1716 2.3435647 0.16977572
3 720 706 1.6122986 -0.25355738
6 310 291 2.056797 -0.5005895
7 816 1094 2.2857661 0.3518098
2 94 1272 2.4696255 -0.6144999
2 168 1056 2.2346985 0.021467984
3 857 1383 2.5595074 0.4013086
3 68 668 2.2350752 -0.7539715
3 188 1732 2.3612866 -0.08985549
1 112 1675 2.689248 -0.30976218
4 163 1653 2.278861 0.5383932
6 374 1769 2.601089 0.42803043
4 308 321 2.5609052 0.05106598
7 727 577 2.1700478 -0.39333948
9 528 275 2.3909585 -0.60040087
6 903 344 2.3750644 0.6693017
0 953 162 2.385285 0.6510541
5 166 325 2.4737105 -0.39905
2 264 348 2.7107177 0.70962816
4 154 312 2.3706207 -0.20024967
8 454 1125 1.2898037 -0.008264124
2 128 1738 2.7253141 0.39979357
9 207 958 2.1986635 -0.38230586
6 907 185 2.2047749 0.58724576
1 95 127 2.3992167 0.6464909
4 390 1072 1.6374555 0.4508676
5 437 262 2.2696955 -0.006331682
0 714 1150 2.0773907 0.039388478
3 383 675 1.2574228 -0.05593759
9 107 879 2.6315017 -0.011085153
6 309 1033 2.6332822 -0.50604224
5 655 367 2.3828557 0.6502493
8 306 1216 2.160131 -0.6747746
3 686 382 2.1564643 0.18805224
5 348 1076 2.381605 -0.71934426
4 398 1136 1.033818 0.27952725
6 315 886 2.3651378 -0.69724464
3 741 1757 2.855232 0.025434673
2 117 500 2.3553836 0.12349558
5 76 1179 2.3854852 0.124763906
5 688 812 1.7649709 -0.16419804
5 384 607 1.430212 0.62854594
4 978 1191 2.4403057 0.22253603
6 537 366 1.7372943 -0.03265488
8 909 1452 2.2700827 -0.3053838
8 710 1581 2.394289 0.33287507
7 879 1663 2.3463576 -0.4645947
8 299 1168 2.3270855 -0.045243084
3 259 1077 2.398617 0.08046049
1 943 400 2.3922644 -0.36241233
3 180 1588 2.2922423 -0.28368765
5 36 855 2.398938 0.40324646
6 841 1413 2.1962464 -0.34520784
8 79 855 2.2367463 0.0063301325
3 846 811 2.3518088 -0.08268964
6 732 1713 2.3837829 0.5350768
1 573 96 2.252952 0.64739865
1 407 1670 2.3048363 -0.4655853
7 221 928 2.2551277 -0.6564573
8 589 1669 2.3293967 -0.7426202
8 85 1373 2.5167508 0.28948838
8 199 248 2.3774085 0.030595064
6 137 744 2.31084 0.46823925
1 625 299 2.158081 0.027323544
3 914 1235 2.5964098 0.3375544
2 300 1247 2.406989 -0.17935663
9 866 1597 2.6327345 0.6294562
2 172 691 2.3051946 -0.56808645
3 357 767 1.8606076 0.48163778
8 558 150 2.079202 0.2578929
5 1052 805 2.6615288 -0.26103902
4 712 962 1.9919798 0.63047427
0 834 540 2.3646443 -0.44816667
2 450 359 2.3787236 -0.73979044
8 523 1743 2.4384055 0.04264307
9 982 1813 2.0852997 -0.2634939
3 934 533 2.287754 -0.48375326
5 267 201 2.2445025 -0.34742466
2 272 1515 2.3476136 0.5734063
3 665 534 1.6031371 0.6577565
2 737 1840 2.3980367 0.7817429
6 306 318 2.4046516 -0.51398706
7 849 497 2.3362083 0.04996693
4 756 1275 1.3601403 -0.6859235
2 224 949 2.4285588 -0.5992518
7 423 1546 1.5548192 0.64840037
7 481 398 1.6417395 -0.0652377
9 932 1609 2.0424821 -0.70333683
9 287 683 2.2584598 0.7205027
4 362 1155 1.1858193 -0.21656555
4 240 294 2.549459 -0.36206228
9 836 1394 2.46222 0.20199168
9 250 221 2.430757 0.52303606
3 824 966 2.5414946 -0.25192136
7 855 284 2.2003753 0.24412388
5 594 1753 2.3677917 -0.42763957
2 200 656 2.5501738 -0.70988184
8 279 1103 2.3555636 -0.5763766
1 414 355 2.7290592 0.010948062
1 196 1157 2.170594 0.2970677
6 123 1531 2.3081872 -0.6421593
8 84 107 2.150131 0.6895872
3 612 459 1.098103 0.39525145
5 752 1004 2.3406248 -0.04987049
2 340 575 2.479163 0.67412406
7 145 1580 2.6800237 0.4232393
2 923 390 2.115639 -0.29429382
6 941 307 2.3161318 0.34526306
3 396 121 2.3891795 0.2403633
3 383 568 1.8541372 0.7462521
3 129 1120 2.0340083 -0.7450587
1 194 1183 2.5311546 0.68214566
5 702 867 2.2505293 -0.38066047
3 359 1789 2.3691397 -0.2851488
8 606 134 2.1738698 -0.60554594
4 215 1317 2.793163 -0.3018301
1 248 896 2.56924 -0.6209924
3 400 828 1.6553459 0.0844993
5 324 600 2.3492346 0.35714716
8 523 1819 2.272817 0.24332672
1 988 340 2.323087 0.04106641
9 345 1219 1.6595601 0.35100836
8 1017 1831 2.4234922 -0.55161995
6 186 1848 2.5297275 -0.5128257
7 957 1176 2.7068703 -0.10952085
5 987 1368 2.322246 -0.64278996
8 116 860 2.6480503 0.19632316
7 359 989 2.6504989 0.06982666
8 294 1845 2.475336 0.387533
9 163 744 2.3261902 -0.56334025
2 846 529 2.4786315 -0.40382475
7 821 1854 2.3383706 0.4887436
3 392 1813 2.2562227 -0.22618258
1 1021 923 2.4408438 -0.434241
2 850 784 2.5452533 0.7203464
1 765 1428 0.7906647 -0.31022617
8 261 1476 2.4307973 -0.36666092
8 510 1704 2.3243916 -0.44417042
7 734 124 2.48274 -0.7005597
2 313 1604 2.704731 -0.6486493
0 556 179 2.247178 0.44559819
2 404 1125 1.9035971 0.23908252
4 829 893 2.4488924 0.52451056
1 319 157 2.6216934 0.05742979
9 336 794 2.3378646 -0.383344
4 844 1051 2.7642698 -0.03620529
1 833 770 2.5294871 0.2765984
4 274 979 2.3865583 0.22122496
9 990 1027 2.4547706 -0.009071469
7 959 140 2.3839114 0.4360941
7 618 1732 2.4268985 -0.3793731
8 298 663 2.3104277 -0.5624727
3 781 1265 2.7053945 0.27324432
3 453 352 2.0912676 -0.0043144226
5 369 258 2.2334387 -0.6208455
6 572 307 2.1987245 -0.7061095
9 187 535 2.3519773 0.3633979
4 829 514 2.6535802 -0.05845219
0 205 196 2.3486552 -0.64023674
1 238 1211 2.6770692 -0.29916728
3 394 332 2.3776646 0.5462077
4 711 1713 2.1746833 0.55381066
6 283 1617 2.2676096 0.5029673
4 127 669 2.242351 -0.27035487
6 256 1201 2.7023544 -0.6946717
6 179 565 2.2998817 0.4305398
3 588 1806 2.3487475 0.21797818
9 694 667 1.5101632 0.30324167
1 771 1242 1.7590214 -0.6742004
2 436 1821 2.4045722 -0.65983975
1 867 110 2.6437993 0.17768168
1 931 403 2.2769172 -0.7137565
3 841 1219 2.472763 0.26187843
6 1017 137 2.2074018 0.21980935
4 939 1241 2.3816404 0.7299723
1 181 354 2.0795863 -0.5814093
8 65 299 2.314266 0.32218784
3 913 694 2.4420702 -0.55498576
8 722 704 2.466476 0.3976887
9 137 1270 2.019943 -0.31332925
1 990 1755 2.4174953 -0.59013385
8 909 1457 2.4442003 0.0048832893
4 246 1742 2.384225 0.37355298
3 228 1424 2.1777232 0.5894844
2 265 311 2.5737484 0.12178761
2 804 1557 2.6666505 -0.14528728
3 908 1447 2.219365 -0.1133191
2 621 1674 2.3338501 0.0176996
9 255 518 2.1605253 -0.42117417
5 484 310 2.4627671 0.77034205
5 957 708 2.1851132 0.08604264
3 266 1084 2.2026098 0.5004619
6 999 175 2.6640925 0.34038454
4 343 1599 2.3208692 -0.23228568
7 85 1131 2.023605 0.07319844
6 749 1259 2.001796 -0.020421505
6 721 1834 2.5186477 0.71265334
7 351 1530 1.5563468 0.044703126
8 403 814 2.1132998 -0.41803542
2 343 1357 1.150006 0.70309895
3 138 1795 2.365249 0.65816826
6 996 100 2.2923422 -0.07399058
4 917 781 2.4774547 -0.48917687
4 699 293 2.2198453 0.5104683
6 692 320 2.4166045 0.28961176
0 911 1514 2.5442386 -0.47559652
4 309 526 2.3632061 -0.5674233
9 791 817 2.1602545 -0.21172315
5 557 1649 2.3268576 0.27362055
2 98 1432 2.2173657 0.69811255
2 731 839 2.3021126 -0.39319888
6 75 197 2.3051221 -0.54648626
5 92 747 2.3064985 0.70753306
9 823 1522 2.5558045 -0.3648871
9 666 494 2.2570875 0.6725808
0 278 1042 2.6180701 -0.16569299
7 1009 1256 2.3104749 -0.37265584
3 653 1553 1.7957165 -0.4381149
3 778 1694 2.4589844 0.5067027
9 772 663 2.5184095 -0.41907114
2 310 1134 2.567933 -0.25144392
1 953 1151 2.4992747 0.45853812
1 90 346 2.2432163 0.76495403
3 85 1572 2.5504217 0.2510993
9 545 291 2.3256319 -0.6791236
3 338 1564 2.2653792 -0.7098034
6 306 536 2.6704767 0.4163447
3 1040 626 2.294426 -0.64988685
4 978 700 2.1580641 -0.18161261
1 790 977 2.3523037 0.5343477
4 326 681 2.0001924 0.32868868
4 972 248 2.6686647 -0.019008458
4 914 860 2.096142 -0.6770679
8 343 257 2.3559594 0.4163354
8 55 1300 2.4389088 0.0075500607
6 754 138 2.1909218 -0.5068047
4 983 542 2.5883632 -0.4617979
5 798 407 2.3037126 -0.5914073
0 940 79 2.678941 -0.7448758
5 801 362 2.6579087 -0.24670279
5 865 117 2.5283718 -0.3390342
4 353 1068 2.3787751 -0.62846655
1 878 1681 2.4499667 -0.6220653
8 299 674 2.5933554 0.7629226
0 663 483 2.376713 -0.14574796
2 830 648 2.6078596 -0.0355407
0 937 1726 2.7909293 -0.5066554
8 731 218 2.4737675 -0.65383947
5 886 973 2.4836044 0.4268071
6 125 722 2.513256 0.48758072
3 243 850 2.6087446 0.32684797
2 87 571 2.259665 0.46125156
9 135 1321 2.2679496 -0.09323859
9 213 502 2.3594027 -0.23287725
1 863 1702 2.6812875 -0.49965054
5 333 565 2.1001258 0.43917936
1 647 1847 2.2718956 -0.6881032
2 192 146 2.2655807 -0.7007998
8 1020 1363 2.790095 -0.60965586
3 378 173 2.614439 -0.51804316
5 149 1150 2.113987 -0.74769837
4 637 378 2.3937435 0.7029688
7 199 844 2.416191 -0.7194045
3 677 1548 1.9474515 0.032000005
7 688 971 2.3895485 0.5051741
1 484 1671 2.6360803 -0.67679065
1 294 1153 2.3294997 -0.66098547
8 890 564 2.3726912 0.21835321
5 965 739 2.5282037 -0.32412696
4 799 1403 1.2504592 -0.4206891
4 865 1678 2.1944122 0.25653797
8 928 727 2.1985426 0.7564592
7 553 1792 2.5113254 0.74453765
5 353 706 2.0450628 -0.42642447
5 636 1504 0.9938774 0.7598917
3 760 671 2.4970117 0.5526051
1 903 1840 2.444825 -0.69551367
8 485 447 0.762722 -0.25340927
4 441 1048 0.7905288 0.46605486
0 58 1790 2.6847916 0.063523114
3 377 1148 1.5171034 0.5761201
9 372 1171 1.0423819 -0.65378237
3 704 48 2.2969587 0.032271743
1 485 375 1.7367153 0.38649446
0 945 692 2.5118265 -0.3900433
6 791 1656 2.1007967 -0.22601855
3 243 843 2.3866808 -0.34024462
1 957 1101 2.3116484 -0.6063862
4 186 771 2.4274747 0.3691979
8 85 1355 2.3452363 -0.15209866
5 312 387 2.4692812 0.73278505
3 451 250 2.4962869 -0.21113676
8 384 824 2.2517257 -0.42974412
9 191 155 2.1452963 0.04395765
1 684 1725 2.4000099 -0.20116037
9 162 569 2.6182034 -0.39382344
9 360 1804 2.3871222 -0.1783188
3 121 494 2.2642984 -0.60973257
6 259 1574 2.3989775 0.24764758
8 390 865 2.1811345 -0.778305
2 30 548 2.6094468 -0.15806854
4 257 1423 1.6434853 -0.15771598
4 967 482 2.6186762 -0.092341244
7 324 946 2.5139928 0.30092221
6 857 1278 2.5351615 0.24183303
2 273 631 2.3486664 0.53132397
3 169 1146 2.461807 0.020372331
6 981 1502 2.2337227 -0.12854719
2 777 1243 2.1679113 0.7316081
6 262 610 2.1407263 0.47709972
1 265 403 2.5520818 -0.13301903
1 679 512 2.002296 0.22734016
8 373 980 2.1254694 -0.18931592
7 164 1737 2.720589 -0.75239867
2 267 1238 2.2893226 0.07887149
9 707 980 2.3781142 0.5892605
0 531 1654 2.418755 -0.5282743
6 851 1314 2.5392127 -0.243415
4 468 92 2.769986 0.5858198
4 128 828 2.3683677 -0.075939655
2 151 490 2.1228094 -0.6655611
7 322 824 2.6018455 -0.7016801
9 302 1173 2.607689 -8.1688166E-4
4 1003 869 2.4258418 0.2313897
5 165 952 2.050747 4.413724E-4
5 962 469 2.5717425 0.092591524
8 736 1343 0.9146298 0.04668033
4 760 1091 2.2347186 -0.5083683
8 163 1479 2.0541043 0.06837213
4 736 1343 0.78263164 -0.24017417
2 940 728 2.1352022 0.05191034
6 365 1113 1.9232438 -0.69627035
5 880 1298 2.5415835 0.6038007
2 810 922 2.3780997 0.18810785
1 79 1284 2.4034233 0.5212733
9 144 854 2.3270717 -0.037543654
5 363 1565 2.1344182 -0.02145803
5 1039 763 2.3804684 -0.1400252
6 439 1590 2.16688 -0.6417985
2 757 1041 2.3898656 -0.28836143
3 881 1109 2.211241 -0.016901433
0 107 1288 2.638239 0.046237767
9 298 99 2.3628428 0.6677386
9 850 1201 2.3480964 -0.15493095
0 508 1546 1.5972363 -0.08358997
9 490 1728 2.5148013 -0.32714257
7 870 1293 2.126978 -0.18065548
9 114 592 2.3496492 -0.19032323
1 746 1528 1.736258 0.3698426
9 718 752 2.021563 -0.32183188
1 123 262 2.6372752 0.5531345
0 955 913 2.511986 0.1322698
4 963 1091 2.5328 -0.28293425
7 789 900 2.571878 0.64028555
2 337 563 2.4045062 -0.060002863
9 90 735 2.2736485 -0.22612005
2 155 951 2.378477 -0.59821814
6 51 1507 2.3308253 -0.59978807
6 563 1766 2.2182853 0.56700784
2 875 1460 2.4894838 -0.59535336
0 941 414 2.5824773 0.6189664
1 833 1275 2.2107718 0.6437854
4 309 444 2.1334753 0.045031846
1 570 1848 2.5635014 -0.5092795
8 924 1512 2.6994188 0.31471246
1 708 1122 1.7513634 0.013138175
7 967 722 2.578308 0.5454312
3 810 611 2.5642426 -0.25248402
0 876 1666 2.110559 -0.7179374
1 785 887 2.2570267 -0.44432256
9 70 1750 2.5011096 0.11366457
3 285 275 2.5627935 0.6569852
9 183 704 2.3283641 -0.31765237
0 872 1094 2.3598804 -0.64335775
0 677 1764 2.5832386 -0.759385
3 849 1417 2.2043154 -0.7832004
6 665 1054 1.8626937 0.39453012
8 888 886 2.2783494 0.44117588
5 50 768 2.3221748 0.72598785
5 127 1097 2.1582625 0.15050155
9 461 944 0.72414577 -0.3599668
9 144 1555 2.7327418 0.28866118
4 728 1607 2.1906438 -0.54402006
7 638 902 0.956091 -0.1874091
5 996 467 2.4755542 0.009328306
7 203 263 2.5619035 -0.11773062
5 971 415 2.3057399 0.52141505
0 853 1359 2.2412045 0.46504444
1 738 863 2.5057323 0.16922879
6 319 1655 2.279341 -0.052506328
6 41 361 2.3534803 0.74397415
5 396 247 2.5353928 0.12712294
0 599 497 0.6876159 -0.7281584
7 1031 485 2.5558999 -0.055935323
4 106 576 2.3535519 0.31145996
4 178 1811 2.301919 -0.77767396
5 731 1328 1.3259063 -0.62983423
1 970 313 2.2374587 -0.17455631
6 403 732 1.2348841 -0.2151699
5 802 119 2.296186 -0.72123396
1 717 1073 2.3944306 -0.2786426
3 157 1617 2.3679411 0.25745088
6 991 682 2.7718916 -0.07221925
0 352 129 2.3756123 0.37811822
6 439 278 2.0834403 -0.31539738
0 570 109 2.362333 -0.66315365
1 974 1802 2.1334226 -0.5006906
6 148 1465 2.4014602 0.73812956
3 387 1657 2.1426227 -0.18505621
7 351 620 2.2118711 -0.16113466
7 723 1754 2.3713102 0.46758848
9 44 471 2.5173445 -0.6989626
3 797 1041 2.349528 0.4303332
9 141 1069 2.3221462 -0.15611851
3 492 406 1.221244 -0.77478194
8 376 532 2.2906036 0.38160294
8 341 989 2.40136 -0.62131363
6 613 1696 2.55606 0.48832887
4 952 250 2.2898982 0.58672744
8 804 1836 2.2667556 -0.7311558
6 270 1715 2.4910245 0.656804
4 788 54 2.4796762 0.6013836
8 399 162 2.371145 0.5376983
7 637 356 2.1302464 0.6526614
2 303 301 2.49372 0.19998664
5 183 579 2.5174332 -0.18931293
5 94 233 2.3389719 0.55780524
0 591 329 2.4696827 0.101238966
0 934 354 2.5205894 -0.22722787
9 409 1142 1.0022378 0.115439534
5 478 111 2.4774156 0.43771654
6 414 287 2.320373 0.12097609
2 808 1196 2.394046 0.00846076
9 456 1050 0.91519994 0.09466159
0 946 849 2.5279949 -0.32257903
2 680 1689 2.8085053 -0.4985123
3 98 1738 2.5920722 0.48847395
3 295 1202 2.4533477 0.021902382
8 818 1054 2.8125136 -0.18986583
2 355 1052 2.3986678 -0.19979483
8 1004 1296 2.3415167 0.33865815
8 181 1499 2.3392594 0.55016035
4 434 1682 2.6199138 0.15320587
4 682 709 0.78155446 -0.3468595
4 74 975 2.338875 0.06247711
4 951 342 2.425249 -0.46879742
7 289 1656 2.7456357 -0.06657761
0 184 588 2.2670348 0.5289077
3 80 904 2.4583662 -0.04661131
9 930 840 2.4546695 -0.12632489
0 820 487 2.3609838 0.7660926
1 770 345 2.4191704 -0.6694376
1 916 1822 2.3027258 -0.33335227
4 838 1366 2.0463374 0.13861912
3 974 1859 2.3801098 -0.2324757
5 842 803 2.263537 0.28913885
8 279 1170 2.3328047 0.17233288
3 572 1764 2.494743 -0.6568208
8 876 937 2.2025301 0.09317809
3 190 469 2.5213852 0.039445877
8 592 384 2.440152 -0.7311397
3 905 945 2.5712447 0.18089896
8 298 252 2.7147145 0.775487
8 814 435 2.182959 0.37089056
1 931 538 2.6726954 -0.3672255
6 102 647 2.516435 -0.37512225
7 578 1521 1.1384104 -0.78242767
2 557 130 2.7663186 -0.16763973
7 917 964 2.3389804 -0.5915055
7 779 916 2.3989918 0.2586859
5 846 758 2.5336359 0.25587374
2 259 1143 2.6108887 -0.67091
5 999 1143 2.1068714 -0.17964232
4 341 1780 2.323578 -0.09858924
5 318 1558 2.1918137 -0.36618155
5 269 1451 2.3864455 -0.42363796
9 376 219 2.129886 0.33898455
3 303 180 2.4275699 -0.7021635
7 896 1624 2.3714337 0.0075582266
1 750 646 2.1024113 0.60684127
4 954 120 2.7670448 -0.39728025
6 327 605 2.4020898 -0.6000221
6 918 253 2.49161 -0.5087682
2 93 91 2.2912743 0.42086262
3 1006 1724 2.4156938 -0.12138277
8 714 177 2.4927833 0.38916773
7 851 1643 2.3674662 0.039724708
9 199 639 2.47659 -0.059553802
9 889 1247 2.2408748 -0.7393733
1 766 454 2.7022386 0.5218832
6 922 1552 2.165243 0.5616943
5 145 1382 2.3952894 -0.21406502
1 182 1446 2.2758605 0.3032282
6 773 1135 2.04469 -0.071715474
2 109 1223 2.6140676 -0.6982755
6 321 1096 2.294085 0.6541379
6 965 756 2.42698 0.07616085
4 805 525 2.1121497 0.37627226
9 249 718 2.3365057 0.30279285
9 742 1501 1.2726808 -0.6822073
0 556 366 1.7590207 0.55682284
2 925 810 2.4512584 -0.7692614
6 178 1673 2.3504806 0.19854838
6 590 1513 0.8689788 -0.666561
7 380 852 2.440774 -0.50656027
9 292 1225 2.5275893 -0.10035449
3 233 1591 2.2565503 -0.20412111
7 574 115 2.5731747 -0.20483202
2 920 1836 2.3482118 0.2296552
8 215 596 2.1829276 0.0032545328
9 154 1844 2.401355 -0.42772973
2 473 442 2.0930407 0.44037706
9 656 1055 1.9938737 0.25619262
0 63 1625 2.404814 0.59202236
6 953 1589 2.4811363 0.4109226
7 107 1177 2.3960853 -0.13596833
2 473 282 2.3549855 -0.31066024
8 245 1138 2.171879 -0.46226105
7 991 1413 2.3856936 -0.3813682
8 424 192 2.286751 0.3140362
4 326 785 2.442556 -0.14496064
7 285 810 2.3779774 0.73083085
5 97 1491 2.5002522 -0.256724
8 320 1833 2.1136937 -0.66059494
1 105 709 2.2541277 0.0791046
8 184 1358 2.7587786 0.7277575
2 901 1614 2.0959823 -0.6812924
5 75 275 2.2648742 -0.47441447
7 130 1477 2.3530095 0.4182486
8 917 1700 2.751318 0.6422232
6 127 1752 2.3438866 0.5176007
0 340 1739 2.701725 -0.5632115
6 875 1090 2.670093 -0.6814741
3 369 1085 2.0893826 -0.47632867
9 912 867 2.3405976 -0.48388612
2 789 729 2.5003045 -0.014631987
7 716 1756 2.377748 -0.17107397
7 515 1711 2.2842515 0.21782559
5 1016 1025 2.1736264 -0.49457446
9 698 222 2.4207428 0.7816841
3 182 1156 2.3131897 0.21109545
4 193 1339 2.4953322 0.43084008
7 961 1052 2.2900312 0.4788192
3 325 1492 1.1924042 -0.610565
5 773 502 2.6573822 0.19417953
6 619 300 2.6183374 0.5386115
8 313 770 2.2673347 0.62458616
7 877 254 2.7310815 -0.27396333
2 754 58 2.3594213 0.6111284
5 338 150 2.2347443 0.16427547
2 188 1077 2.6908429 0.50602037
1 532 1588 2.3706322 0.4227149
9 108 1132 2.6171207 -0.626516
2 383 1785 2.1707647 0.269381
6 555 1779 2.5072815 0.042787313
4 630 1598 2.5863316 0.019209862
9 675 1065 2.2982047 0.5738998
3 865 1839 2.4735415 -0.14802325
2 749 719 2.0547442 0.077265024
3 403 466 2.0671976 0.75174886
5 88 1781 2.456611 -0.69026273
5 381 1148 1.1065294 -0.38017642
1 125 859 2.4518447 0.6831824
1 546 142 2.1943562 0.06238079
8 944 602 2.351999 0.26627165
9 458 152 2.5414524 0.097047985
0 192 574 2.3297515 0.598883
2 381 1824 2.2830162 -0.43115076
5 498 353 2.1222687 -0.12809676
8 365 1629 2.3429444 -0.77431744
1 767 1497 1.3933535 0.14163285
3 778 1053 2.506922 0.69852203
9 346 1272 1.4257795 -0.4994642
4 698 300 2.2261868 0.6200952
0 93 1329 2.522951 -0.11784303
4 674 1611 2.341155 -0.35736015
4 418 943 1.113936 0.20435297
3 971 1058 2.333445 0.57597405
1 282 493 2.6233435 -0.3306768
6 207 264 2.5689495 0.4481519
7 697 515 2.2130995 -0.1679824
2 531 134 2.3734934 0.6256245
2 848 158 2.384374 0.048104882
2 934 1409 2.4661758 0.39850658
9 504 1819 2.1539826 0.7535835
0 1010 1824 2.5264597 -0.12094575
3 819 697 2.4708147 -0.030290127
1 268 767 2.2514882 0.18312383
6 766 1540 1.8166366 0.082937
1 348 1025 2.4579306 0.09627229
3 376 382 2.5391629 -0.6787398
4 569 161 2.5052612 -0.4714596
9 138 244 2.4032419 -0.2667113
3 119 945 2.3337812 0.02053982
8 989 1098 2.4908133 0.31380993
7 780 1305 2.0215883 0.48201758
5 185 1755 2.2208796 0.17645037
3 390 1558 2.0952158 -0.40372
4 795 1685 2.326723 -0.26913404
8 307 1185 2.3638656 -0.48464686
4 84 781 2.3782694 -0.4323183
9 91 1367 2.4595678 -0.69783235
2 953 1471 2.71045 0.6873422
4 757 1720 2.536057 0.04952699
8 1013 1114 2.323023 -0.18193644
3 180 1161 2.404286 -0.085570335
9 992 1429 2.237598 -0.1512534
6 978 276 2.4519558 0.5708267
7 135 974 2.2508233 -0.24864
1 146 1314 2.3515873 0.50298744
7 210 1374 2.4011025 -0.4989872
3 430 1611 2.818726 0.37617975
3 520 308 2.3918285 -0.37756583
8 956 1308 2.2328918 -0.5951887
6 465 374 2.403262 0.26444262
6 826 331 2.6688373 -0.42045727
3 653 822 1.2137492 0.746164
3 668 288 2.7537572 -0.262371
7 834 1726 2.328856 0.6043127
2 142 121 2.4911382 0.48355728
4 274 611 2.5281298 -0.42384404
4 680 1007 1.6623112 0.60239834
6 149 68 2.6939247 0.16257286
7 130 129 2.4208343 0.5925904
7 978 1204 2.7456877 -0.54283965
8 742 1495 1.2498474 0.40894133
0 1009 118 2.4146247 0.65420204
5 78 738 2.3388684 0.6884071
3 464 461 0.97863376 -0.5475816
9 404 310 2.4290726 0.17980224
5 864 730 2.3170478 0.6302915
0 357 1346 0.8397787 0.17822444
8 888 120 2.4284763 -0.62009835
3 72 1725 2.5203133 0.55784076
1 918 340 2.430759 -0.724039
9 522 399 1.2383301 0.31919783
4 435 1033 0.9439116 -0.77418816
1 595 424 0.98942184 -0.064293206
8 243 476 2.6384776 0.062743306
5 84 578 2.2723734 -0.6948086
3 479 209 2.5844777 0.3244564
1 777 413 2.3750687 0.73829085
8 252 350 2.4542236 0.4674471
5 203 162 2.2700305 -0.009687543
8 82 638 2.356139 0.0364753
6 692 559 1.8985475 0.17241865
3 503 395 1.2989136 -0.2639947
5 487 377 1.7518209 -0.04966581
0 64 1526 2.459953 -0.37344027
8 940 421 2.5286257 0.0025469065
3 675 1796 2.1287782 -0.4858138
3 935 40 2.2595856 -0.48951966
9 195 337 2.3485086 0.13487345
8 434 116 2.1207523 0.50630516
5 909 1081 2.5091586 0.3910045
5 752 340 2.1154726 0.14423841
2 754 932 2.112497 0.37443095
7 696 1781 2.363171 -0.10844469
1 108 1004 2.1712961 0.19332772
9 249 1121 2.397472 0.045821488
7 852 623 2.213009 0.56282777
9 751 176 2.3976762 -0.68142784
5 716 478 2.3143394 -0.4790063
2 924 152 2.328485 0.32271475
2 743 1589 2.8413413 -0.41979897
4 938 1753 2.4030309 0.003126502
9 752 1060 2.2002473 0.38125247
0 420 1574 2.2935474 -0.16090065
7 418 533 2.0273345 0.39007956
0 989 160 2.1981595 0.6063244
6 313 1071 2.117088 0.17346203
7 339 749 2.1948645 0.26390678
8 289 608 2.1085474 0.48138696
1 92 1488 2.4733133 0.5278912
7 90 1838 2.6741872 0.12082559
9 428 465 2.0359852 -0.5152549
8 153 1382 2.2208843 0.14633518
8 538 1580 2.1046338 0.74453825
0 746 316 2.4964406 -0.18473798
1 320 1498 1.2554287 0.05017394
2 110 1126 2.2982724 0.35520536
2 380 55 2.5986035 -0.26156855
2 398 631 1.0325732 -0.72453713
0 687 1082 2.210468 0.035956502
3 409 1667 2.3765545 -0.12180376
7 898 1147 2.2092402 0.6116993
6 948 1171 2.2867398 -0.33749947
8 662 483 2.2708933 -0.56846565
1 415 1108 1.7073529 -0.6529463
4 631 1736 2.765864 -0.2926223
9 700 1508 1.1561493 0.3231364
8 727 398 2.3363087 0.6965993
7 117 1334 2.602801 0.45945376
3 822 1167 2.7387881 0.3173135
5 483 409 1.4332186 0.16817725
4 161 1801 2.3581316 0.74681586
6 878 328 2.3015153 0.42274505
5 298 1002 2.2166088 0.35602206
8 948 781 2.389422 -0.05995363
7 806 1782 2.5168505 -0.22211695
9 787 1314 2.1881287 -0.22979265
5 935 968 2.371494 -0.3349823
9 973 1486 2.2653499 0.5270104
6 416 550 1.3893313 -0.16274613
1 563 382 1.4567 0.6901774
6 827 477 2.5273168 0.5292476
6 286 645 2.6527414 0.21544272
2 157 1581 2.2050261 0.6835961
4 785 272 2.6476784 0.17031091
9 813 129 2.3845236 0.64959186
3 55 568 2.61568 0.6108139
8 618 284 2.4196286 0.32217354
3 236 980 2.6707857 -0.26219273
5 878 1054 2.318552 0.57753927
9 765 686 2.3456812 -0.66288215
7 88 1318 2.3330479 -0.5632123
4 373 319 2.1331341 0.7729203
5 996 1473 2.4983637 -0.43172562
1 73 473 2.3715224 0.6560703
3 426 1705 2.43908 -0.49441838
5 39 1097 2.3567812 -0.41417867
2 153 251 2.526007 0.5968228
3 255 1559 2.226689 0.021871746
5 975 425 2.5096745 0.46266407
2 292 314 2.770747 -0.49916303
6 453 325 2.757491 -0.060255945
8 931 1455 2.2820961 -0.3628138
7 230 1420 2.166382 0.7170444
9 611 465 0.9163998 -0.6469849
5 358 1207 1.3975533 0.36380452
7 50 1845 2.299407 -0.15141481
5 854 540 2.7106953 0.5266958
2 622 168 2.1993456 -0.6758557
4 228 1433 2.2567048 0.20838463
9 76 1135 2.6225252 0.3819446
5 226 1156 2.6794896 0.2791869
2 833 226 2.6879663 -0.59148693
3 315 1236 2.2057834 -0.5586585
9 884 1771 2.4667263 -0.6810771
8 179 1636 2.341028 -0.031328082
5 867 1596 2.2753646 0.4738019
0 1058 606 2.3777013 0.4929747
2 589 1813 2.184213 0.69361573
8 544 1797 2.344212 -0.12991631
2 948 1280 2.7379794 -0.6910245
7 432 1083 1.6444407 -0.4408695
9 954 1573 2.4832747 -0.7713099
9 377 234 2.3863406 -0.30760258
6 152 1430 2.2749324 -0.7162829
7 878 559 2.412146 0.33371323
0 747 1469 1.1435822 0.7300789
3 245 712 2.3686218 -0.4633181
7 130 1574 2.3505998 -0.646585
1 271 428 2.3093271 0.43802172
4 1013 1413 2.420185 0.6067373
1 677 235 2.7704327 0.5096019
5 776 844 2.5552766 0.5366116
9 1035 1004 2.50985 -0.5530178
0 374 194 2.2318294 0.58965117
3 759 1178 2.5093448 0.25442225
9 794 642 2.3023338 -0.23333943
3 431 791 0.8164406 0.08840549
5 680 1155 1.4478834 -0.57708764
6 461 309 2.4628959 -0.38855526
8 933 1002 2.1032586 -0.36344793
4 92 1096 2.3672082 -0.22218293
5 173 162 2.1272206 -0.06667262
6 689 854 1.8602912 -0.41121912
2 933 1096 2.4349463 -0.52788746
6 865 323 2.6171715 -0.4579182
1 105 1249 2.2456796 -0.18751252
6 962 539 2.5135536 0.15199572
1 332 195 2.741757 0.13683408
2 190 739 2.5828078 0.24304754
0 920 819 2.3638265 0.7277686
4 821 276 2.2134998 -0.0047565103
8 398 478 2.2176793 -0.74334574
8 657 888 1.3720853 0.76719195
5 72 547 2.6133623 0.012428045
3 761 1495 1.3473669 -0.20275813
3 677 714 0.9347392 -0.60099065
1 86 1166 2.0368724 0.68248445
1 683 851 1.6418875 -0.15604573
6 333 793 2.178297 0.2778539
9 207 1455 2.704166 -0.73108625
4 239 1487 1.9400563 0.50347084
0 734 1003 2.2863314 -0.68968487
5 968 139 2.6847858 0.42868656
9 752 941 2.186924 0.27582616
8 841 497 2.3831022 -0.057901382
9 550 242 2.7443485 -0.29807585
8 130 1471 2.3359158 0.10196626
6 835 1841 2.3131433 -0.024471521
7 450 333 2.6120121 0.26869303
3 730 807 2.5194054 0.7750549
3 374 726 1.90113 -0.6749172
6 562 261 2.7511008 -0.15228343
3 843 622 2.2203014 -0.32301402
3 956 352 2.4199333 -0.6284126
7 500 1525 1.1297078 0.45203894
8 386 408 2.6812298 -0.17685235
1 693 1031 2.038428 0.029795885
3 229 643 2.1246712 -0.019106805
2 116 888 2.7197118 -0.59851325
9 143 413 2.544834 -0.73757213
5 1017 892 2.3856518 -0.47140035
5 926 895 2.3779733 -0.31560495
5 785 1643 2.2465854 -0.3354588
6 861 790 2.5227551 0.47587615
6 195 644 2.3138819 0.49124843
8 725 166 2.4994144 -0.60512865
6 829 326 2.4200535 0.11122018
5 905 1223 2.1433508 0.36396307
7 721 1258 1.1564288 0.12779099
0 878 1732 2.7375202 0.007096827
8 52 1835 2.727847 -0.33917257
2 743 163 2.4287486 -0.072823465
0 102 1709 2.557569 0.5114648
0 198 598 2.4476886 -0.066909075
4 876 777 2.2462592 -0.722537
1 979 922 2.7166736 -0.55706817
7 814 87 2.4182 0.4952286
5 128 129 2.4041703 0.56947404
2 745 1780 2.39118 0.2627625
9 153 1528 2.3906858 -0.7157737
0 768 1044 2.214617 -0.28758958
2 930 1150 2.305794 -0.72002506
8 97 103 2.5964031 0.3064943
2 354 1745 2.524434 -0.38928142
9 138 90 2.361793 0.0036640167
4 402 135 2.338462 -0.684271
4 785 1821 2.291461 0.42163247
2 529 130 2.5069835 0.4809993
0 790 466 2.6459491 0.21269119
