0 871 1003 1.5804622 -0.26269096
4 264 942 1.536926 -0.128093
9 510 139 1.5525213 0.73500997
9 904 1167 1.4732965 -0.3628493
9 798 1022 1.7122558 -0.19765866
9 66 1702 1.290642 0.5092698
7 769 1698 1.6124514 -0.50751853
4 186 1288 1.7694932 0.66757566
2 150 1322 1.7626157 0.41865844
4 375 226 1.6026398 0.62141305
6 373 366 1.8927444 0.08917874
6 695 738 1.8539873 0.1835339
5 420 463 1.7123196 0.5145567
1 584 422 0.8874969 0.5746785
1 1017 915 1.7418453 0.11770904
7 1021 1092 1.3170385 -0.35138375
7 196 1186 1.3005337 0.73133856
2 759 1055 1.452503 -0.38671926
9 463 123 1.6337152 -0.63642836
1 941 68 1.5052545 0.7086051
0 556 1510 0.9403219 -0.46025062
1 91 237 1.6792314 0.1418894
5 162 1390 1.849993 0.029504597
5 143 1342 1.6613959 -0.076991975
2 537 1537 1.353477 0.58182436
0 739 1573 1.3321102 -0.28447694
6 1016 325 1.5353411 0.74095196
2 761 1497 1.2752814 0.11335653
5 126 403 1.5358479 0.6028963
6 960 776 1.6892949 0.061794043
7 106 1423 1.4787285 0.6409394
3 275 1026 1.7217429 -0.5143908
3 79 385 1.5049769 -0.46066174
2 154 975 1.4206184 -0.29128137
1 765 1162 1.7119046 0.4424649
3 485 1538 1.3088846 -0.36703983
5 254 1722 1.7044301 -0.17339247
1 278 1656 1.4521933 -0.70142245
7 315 1244 1.6394315 -0.53761125
1 964 1516 1.7238678 0.68363804
6 760 241 1.7129745 0.024329364
7 73 1687 1.576866 -0.14878315
8 124 1722 1.9739741 -0.6734397
2 904 636 1.3256416 -0.082148135
2 380 278 1.721261 -0.73410684
5 999 1321 1.4024758 0.49833602
7 326 136 1.5212535 0.52541405
4 110 1885 1.4200891 0.54679435
2 331 1251 1.6200572 -0.38488305
9 1032 858 1.3408988 0.7588883
1 328 1584 1.6157314 -0.7513666
4 710 467 1.8316195 0.14644271
0 909 333 1.4830934 -0.701347
9 950 441 1.9262033 0.38313586
2 727 1555 1.3055068 0.41012293
2 911 710 1.4029166 -0.74516225
3 780 749 1.9524968 0.7750172
5 942 176 1.6762071 0.5219336
1 151 725 1.4385283 0.0038080812
1 898 868 1.8434927 -0.5467503
8 110 797 1.6505661 0.7625571
6 68 1696 1.5472132 0.6718387
0 697 1570 1.8344486 -0.1870963
0 759 595 1.4110851 -0.15687042
3 870 851 1.6842729 -0.18572992
9 953 763 1.6194909 0.29062527
3 91 500 1.5806146 -0.13271183
7 718 785 1.5939978 0.4525618
2 730 130 1.6456321 0.42338675
5 884 861 1.8356637 0.6558272
7 356 104 1.8880148 -0.42041534
3 788 962 1.7585962 0.25906008
3 138 775 1.9783013 0.54153544
2 319 1346 1.7965608 0.44071227
2 966 494 1.6587769 0.70754987
3 732 499 1.6535805 0.06765562
5 395 977 1.5040336 0.26776809
9 902 275 1.553317 0.040370107
5 1020 1553 1.3436252 0.45591003
3 738 1708 1.7120293 -0.10812193
9 913 1299 1.7200681 -0.027346313
1 395 219 1.5365908 -0.3333356
2 321 1104 1.5651525 0.6235786
3 930 669 1.803503 -0.4545408
1 1019 1569 1.733245 0.77676004
6 272 1737 1.7012599 0.51342887
2 672 1650 1.4259744 0.52668446
6 805 924 1.5114833 -0.4134537
7 1000 932 1.7529533 0.034860075
3 910 1210 1.7911772 -0.6499089
9 500 242 1.4931799 -0.14150804
6 324 1821 1.5975744 0.33556277
7 825 1767 1.8636956 -0.74306
4 663 839 1.0825734 0.30580026
3 754 402 1.5470859 0.09118968
9 350 1346 0.81814426 -0.7585432
3 461 486 1.1039654 -0.52863634
3 917 1246 1.6972507 0.7040691
0 189 1754 1.8550179 0.31475824
8 127 1762 1.9744265 -0.11953169
9 409 1538 1.5777953 -0.32930246
6 331 512 1.5522617 0.19176286
6 81 818 1.8148637 0.5132409
8 140 987 1.8302865 0.2500729
2 413 189 1.9674349 0.14519274
0 610 1566 1.6671526 0.08655298
7 880 564 1.4390638 0.78430575
2 128 117 1.5308075 0.7629239
6 231 599 1.7292163 -0.6968943
6 313 1732 1.5817628 -0.6620809
0 810 1447 1.5640736 -0.26292026
5 864 980 1.3879075 -0.30114278
9 934 1362 1.8939193 0.566739
0 1010 440 1.4910588 0.6971093
2 945 1631 1.8692033 0.053973317
3 758 505 1.7068273 -0.26386654
5 268 1320 1.4457445 -0.32951742
7 148 923 1.2868592 0.4452805
3 183 894 1.4973879 0.5490779
3 921 1340 1.4675306 -0.19419986
9 716 694 1.5271841 0.6541503
2 796 1343 1.8690093 0.18556309
6 548 1823 1.6433389 0.20692939
3 665 923 1.3744806 -0.5649229
8 673 914 1.7187428 0.61546427
8 778 310 1.3177302 0.64559513
7 734 607 1.4823071 0.082416534
8 50 367 1.7778655 0.6044137
7 195 1209 1.5756828 -0.10998523
9 646 1093 1.6725364 0.09515643
1 634 1567 1.6114185 -0.5566937
3 917 894 1.6045831 0.12950414
5 930 592 1.5650312 -0.2079497
5 791 1076 1.7103255 0.5370262
4 278 1214 1.2981296 0.64002186
3 54 167 1.6438817 -0.7232815
8 901 445 1.913658 -0.68156546
8 511 82 1.5847222 -0.46031532
2 226 602 1.7010621 -0.4554602
1 163 1753 1.5780714 -0.23805952
9 758 1457 1.0760391 0.6163154
6 64 1015 1.6720222 0.47594923
8 300 1373 1.4983835 -0.24164712
9 366 1628 1.7536919 -0.7341001
3 173 996 1.6016297 -0.56875753
4 662 995 1.3152182 0.38198894
6 138 804 1.9223952 0.13879013
6 766 551 1.4895415 0.093131125
5 67 1847 1.6164807 0.38344675
5 129 1123 1.5033327 0.69560343
0 762 1283 1.7654653 0.013430178
2 300 347 1.8447605 0.4631937
5 828 1190 1.8917768 -0.3783357
9 335 254 1.3323189 -0.55852354
3 477 1765 1.6940477 -0.6020828
6 528 239 1.7564371 0.33949786
5 352 1665 1.5827903 -0.4909968
9 808 882 1.5297388 0.364721
1 991 586 1.7321001 0.63339263
9 914 903 1.5731144 0.37589222
4 374 490 1.7012956 0.517047
6 683 504 1.7165622 -0.7217952
1 605 270 1.4188871 0.47408897
0 172 517 1.5487968 0.69186705
4 408 1545 1.3556387 -0.38014197
2 739 350 1.6383114 -0.45111555
5 879 1593 1.5472622 -0.32326257
0 893 1560 1.4436375 0.10023224
0 1026 513 1.7209566 -0.61194086
8 356 825 1.4191053 -0.7262473
2 604 205 1.4202887 -0.6159946
0 395 380 1.6548188 0.1793285
5 775 1066 1.3807192 -0.23838842
5 336 373 1.635121 0.26598245
4 474 1745 1.4846767 -0.027326941
2 283 1780 1.5349219 -0.05295837
3 847 1107 1.6736788 0.19522405
6 774 1121 1.4581118 0.02592367
5 217 696 1.6116151 0.32929796
8 885 823 1.906261 0.7592146
1 781 1068 1.407531 0.74099416
6 716 470 1.7951288 -0.6600933
8 206 1634 1.8143247 0.38008028
9 785 1220 1.6313148 -0.6471535
4 718 187 1.5030532 -0.3580509
6 99 1620 1.4041982 0.21893638
8 637 476 1.6867428 -0.4146849
8 247 907 1.4204477 -0.41113466
5 736 665 1.3687763 -0.77982646
7 892 1211 1.356588 -0.4148449
0 1031 1565 1.5793349 -0.28532332
9 442 1102 1.1761689 0.7577134
3 982 1396 1.4835689 -0.26166874
8 817 740 1.7528355 0.58886486
4 962 894 1.7486479 -0.46579164
3 111 1680 1.3198066 0.356255
8 898 826 1.6899153 0.045484364
2 237 615 1.6145719 -0.41532895
9 142 211 1.697121 0.6449874
4 385 1674 1.5653046 -0.44410196
2 849 417 1.7230072 0.7766766
3 632 145 1.5516142 0.6190458
4 352 1662 1.6212565 0.26088637
2 398 1148 0.99969393 -0.30440158
1 269 306 1.4490529 -0.3156188
9 268 936 1.4469299 -0.5628147
4 778 1505 1.7174673 -0.57692605
7 279 410 1.3877051 -0.47361705
6 381 641 1.3050617 -0.4340503
6 337 102 1.7423886 -0.5836926
1 882 291 1.4629936 -0.11147195
9 440 977 1.1163398 0.559205
6 865 1064 1.5660708 0.7778309
1 646 107 1.7421858 -0.22301829
7 949 946 1.6124487 0.54232866
7 856 964 1.8502419 -0.12535489
8 849 638 1.8369936 0.5100965
2 479 298 1.5973384 0.43609363
9 795 190 1.939079 0.52912897
1 75 495 1.7428517 -0.06761497
6 210 1658 1.5804666 0.10521102
3 167 1353 1.5760214 0.4471169
9 842 1739 1.4854265 0.39160663
1 952 1560 1.6851838 -0.2715804
3 867 404 1.8639257 -0.22822887
9 606 330 1.7212582 0.76614577
8 152 801 1.8062185 0.5481816
4 352 195 1.4689147 -0.58635044
5 169 280 1.6404129 0.3285312
5 719 321 1.4407743 0.28679532
6 782 1222 1.5536264 0.5804114
8 195 1105 1.8563868 0.7304204
6 974 1151 1.6931509 -0.003584385
3 77 711 1.6557002 0.40291017
2 701 556 1.2319947 0.58223945
1 754 515 1.5248986 0.2040087
8 805 512 1.7277457 -0.6375251
7 1015 604 1.4725773 -0.52740574
5 741 1041 1.5771409 -0.22933549
9 140 947 1.8136344 0.6661648
0 781 1671 1.4927319 -0.716029
9 314 665 1.7855417 -0.33023205
5 860 1624 1.4483126 -0.41766337
6 314 607 1.5351237 0.12973946
7 930 1563 1.5616988 0.11440313
9 122 1017 1.8337489 -0.05919832
1 794 1545 1.568192 0.33601028
6 91 1799 1.4966683 -0.7537474
6 277 583 1.6506317 0.19117385
1 327 944 1.6302935 -0.57283574
5 70 669 1.578526 -0.40001294
0 343 1789 1.9496408 -0.11630654
7 74 626 1.6174703 0.038267493
6 70 810 1.9085407 0.5299409
7 809 1445 1.9583094 -0.15938717
6 111 246 1.8994174 -0.33812734
7 976 1815 1.9098635 0.4839788
2 369 168 1.3533351 0.20772064
5 711 859 1.4627804 0.03685981
1 579 1602 1.8063675 -0.32641453
7 142 1733 1.5170007 -0.281622
5 590 1631 1.7896308 0.34011048
8 65 927 1.5892608 -0.1968025
5 449 953 0.9333087 -0.07316846
7 1010 230 1.4390374 -0.40406987
9 913 209 1.7369992 -0.12570095
7 33 1539 1.8309834 -0.40091896
4 924 252 1.4424386 -0.688041
1 322 532 1.4241724 0.37658435
0 999 1090 1.8342108 0.3987288
9 818 1325 1.830358 0.15100217
3 415 1011 1.420406 0.27888173
2 132 693 1.7711824 -0.20839334
7 1006 607 1.4073637 0.30536586
8 385 951 1.6317167 0.14622927
8 328 599 1.8126075 0.536504
5 689 998 1.5365847 -0.5087613
2 601 87 1.2947108 0.7072987
0 358 587 1.6498706 0.551053
1 897 111 1.3568778 0.5584652
2 875 1462 1.3129902 -0.70617986
6 176 1519 1.8231357 0.28787357
0 770 1817 1.4529003 -0.37397403
4 179 815 1.5195514 0.7217333
8 751 1502 1.5801287 0.3779208
6 146 356 1.8526403 -0.7303344
3 422 886 1.3915402 -0.5716641
6 276 208 1.5784512 0.37963492
6 729 1149 1.867254 0.58775884
1 418 1026 1.3519924 -0.4657522
4 169 1178 1.50359 -0.16955096
6 97 886 1.3402804 -0.5374942
7 255 980 1.6311868 0.66921586
1 773 474 1.8301289 -0.29113615
6 268 928 1.5044141 -0.067661524
5 804 759 1.5985911 0.14504415
2 939 294 1.5874473 0.0151690245
8 206 1110 1.4767385 -0.4957741
7 127 951 1.5225842 -0.53898156
4 939 1093 1.4394277 -0.22393209
8 286 1408 1.6120565 0.27623004
7 805 1004 1.6053892 0.19480562
7 873 777 1.9967278 0.6512856
6 575 336 1.8845584 -0.02490753
7 274 805 1.693113 -0.31598788
2 905 1250 1.6332194 -0.73009044
9 172 770 1.5831459 0.5838813
3 412 579 0.94415087 -0.69336915
5 149 1133 1.7958361 0.7046302
9 877 344 1.5924366 0.13626075
6 749 632 1.8786198 0.21339673
5 413 150 1.7820234 0.27755827
5 383 328 1.448838 -0.27196217
3 597 1530 1.3187354 -0.0930323
5 295 735 1.8190676 0.67729884
1 920 668 1.7364396 -0.5155065
7 115 1296 1.798315 0.11198938
4 383 1677 1.8711274 0.11382568
6 615 1547 1.5242252 -0.47774804
4 497 1718 1.4192225 0.6248204
2 420 1010 1.2729622 0.7529121
7 119 408 1.5284948 0.6163166
2 72 1392 1.3804994 -0.47570643
5 904 92 1.2906796 0.28413063
9 1009 112 1.5342635 -0.4121407
5 1006 411 1.582794 -0.27368504
3 414 148 1.5922009 0.5712891
0 82 473 1.9860528 0.7765711
9 779 1354 1.3224446 0.74336654
0 236 1432 1.5549963 -0.3185788
0 273 735 1.5396683 -0.33155942
9 410 840 1.4770058 -0.5169752
4 956 1437 1.8486689 0.03107357
4 378 1077 1.6142315 0.74222416
0 990 284 1.7883167 0.16811347
3 143 1767 1.8471059 0.34439474
7 163 154 1.4215815 -0.43041644
5 305 876 1.6100934 0.48586196
2 443 269 1.7768093 -0.31189433
6 552 1521 0.9860654 -0.5488115
8 356 1365 0.731252 0.69599956
3 472 193 1.9900624 -0.754213
0 279 1771 1.7462386 -0.09441531
5 374 1581 1.806295 0.59058744
1 735 69 1.2487137 0.016993284
6 678 334 1.7798758 0.68919545
5 1034 440 1.2926965 -0.7077893
2 488 1587 1.8778541 0.73309284
7 404 473 1.6196804 0.3274396
1 422 1643 1.6873311 -0.67175037
4 863 686 1.6900254 -0.51156706
1 502 322 1.779076 -0.2164672
7 107 700 1.4574637 -0.5773257
5 32 1698 1.319347 -0.5241887
1 802 1855 1.3931404 0.15027285
7 112 197 1.7022246 -0.3886606
8 969 416 1.835785 0.18668622
3 762 984 1.3993664 -0.08793002
4 772 1469 1.0752203 0.021297097
2 747 1311 1.7456919 0.7665408
7 1036 1096 1.3004736 -0.64611375
5 826 1673 1.3737686 0.23046738
8 731 84 1.4390202 0.18702757
3 949 1401 1.4291983 0.6158702
6 273 884 1.4762117 -0.58729976
1 32 240 1.4495572 -0.485081
1 376 1771 1.7892038 -0.17314184
9 917 1834 1.3323429 0.06009829
7 301 294 1.4000144 -0.5731698
8 418 1773 1.8008684 -0.48454684
1 926 93 1.5799254 -0.5264382
1 127 433 1.947864 -0.025757074
8 56 1113 1.5210043 -0.6624905
5 748 1639 1.6136365 -0.22692561
7 566 1791 1.2913303 -0.27951705
6 542 1662 1.5147784 0.3647961
5 939 770 1.8182688 -0.6421772
7 1007 529 1.489517 0.69339806
8 650 1784 1.6463537 -0.68855673
6 554 132 1.6567959 -0.30376884
9 213 1599 1.3409233 -0.48141682
2 160 796 1.7322373 -0.15088505
7 487 133 1.4304861 -0.35491264
2 936 1042 1.446737 -0.60118663
6 204 551 1.6639533 -0.6870103
9 800 1415 1.5784452 0.32816905
8 600 507 0.7394466 0.56329054
8 389 1116 1.7170485 0.75266606
9 173 170 1.3634616 -0.1767031
9 62 721 1.6231697 -0.6672502
0 150 397 1.4785004 0.036979854
6 714 905 1.6327847 -0.5400322
8 940 795 1.4929122 0.35228926
7 242 1464 1.4818096 -0.4539442
1 121 1301 1.312696 0.0048790574
4 440 360 1.5579064 -0.17463404
4 841 662 1.6399381 0.68176943
1 547 1781 1.4361658 -0.49702927
1 838 871 1.6139929 -0.270276
3 869 1206 1.5790284 -0.74563444
2 266 1854 1.4572223 0.21564561
8 718 125 1.3499297 -0.75918055
8 134 615 1.7903292 -0.24243748
8 874 95 1.695407 0.7476278
5 895 677 1.3728318 -0.5030374
1 511 276 1.4665836 -0.5195329
2 331 1176 1.3747005 0.15488553
6 844 390 1.3562295 0.0651896
3 392 1620 1.8887097 -0.74980783
5 243 1358 1.964699 -0.63925517
4 763 436 1.3247789 0.7296377
2 717 410 1.4534984 -0.082742155
1 866 281 1.4654908 0.44963866
6 279 432 1.5088905 0.5885306
9 70 731 1.4595954 -0.76750237
2 995 855 1.4652113 0.35983986
3 312 148 1.47975 -0.3447853
0 603 199 1.7491219 -0.5314065
0 243 206 1.5754901 -0.047358394
9 728 401 1.8069326 -0.064483285
7 827 934 1.740388 -0.24592137
5 285 776 1.6069072 -0.08789718
7 696 453 1.6881357 0.75627834
6 465 1797 1.751465 -0.6731792
1 324 933 1.7156457 -0.32671574
0 910 919 1.5363854 -0.52716124
6 430 818 1.1449155 -0.24851567
4 371 645 1.1614257 -0.017034948
3 301 991 1.6778189 0.6336052
1 742 825 1.747333 -0.36357424
3 998 1325 1.7369393 -0.63687974
3 865 1720 1.4217334 0.5760588
7 247 517 1.5273674 -0.0899328
9 96 1776 1.6286204 -0.24969918
1 962 592 1.5670158 -0.55245006
9 967 636 1.7768043 0.6261129
1 849 122 1.4659204 -0.74848366
7 416 189 1.4437102 -0.64322174
8 549 1528 1.2252468 0.13101369
3 259 1767 1.8915952 0.5937138
4 604 419 1.1429654 -0.7794756
1 197 56 1.5746392 0.6208082
6 67 739 1.6973538 0.5236682
8 511 1786 1.7607732 0.5557762
2 269 1321 1.9540592 0.40948635
2 854 1592 1.3881642 -0.77223146
9 706 1869 1.8697721 0.24670774
9 430 1803 1.708339 -0.60471195
1 246 336 1.3971515 -0.13982219
3 833 1509 1.9947201 -0.44167376
8 514 1653 1.6881796 0.0043690205
1 372 73 1.5907975 0.73662895
3 258 253 1.5742657 0.12779826
1 963 703 1.9127226 0.4193427
8 979 831 1.4598949 -0.3953685
6 107 1208 1.3564491 0.5433871
0 634 1055 0.99674165 -0.333932
0 630 1036 1.1216761 -0.14462692
5 158 1393 1.6735171 0.2916413
4 940 784 1.5690539 0.77539593
6 276 1056 1.6208234 0.08389068
9 279 260 1.9335841 0.4535684
3 714 1217 1.0872283 -0.4047409
7 812 1396 1.9351367 -0.40417933
0 171 906 1.517681 -0.6826364
7 325 1681 1.5623226 -0.5920026
1 363 734 1.6687001 -0.47479552
3 751 1708 1.6967528 -0.10348779
7 874 663 1.9617128 -0.14602488
7 583 78 1.594875 -0.6730794
8 643 1580 1.4384937 -0.2975552
2 508 1816 1.2709036 -0.73204094
5 972 1302 1.6056671 -0.14738172
8 1027 1497 1.3921956 -0.19953752
6 80 707 1.6928213 0.66615695
0 88 1653 1.5324017 -0.17461473
5 413 1669 1.760226 -0.6679949
4 705 736 1.4068512 -0.030921757
6 423 228 1.6875434 -0.30452675
3 352 236 1.4597616 -0.2857869
1 250 965 1.3487685 -0.012496829
1 386 820 1.3745806 -0.4205963
2 108 674 1.679734 -0.55868757
1 1004 1268 1.689459 0.39952368
4 697 820 1.7588166 0.63242465
6 344 1570 1.7915927 0.69906646
7 400 262 1.6727148 0.15631884
5 737 1181 1.5657798 -0.56152123
8 993 243 1.4296844 -0.2816766
2 63 1077 1.5415624 0.12351543
2 334 1659 1.4892634 -0.6479058
8 761 631 1.571663 0.5197589
7 891 1399 1.9419606 -0.07960832
9 120 379 1.5491956 -0.48105344
7 746 989 1.4168769 0.05495459
1 793 792 1.8718969 -0.77040815
6 357 288 1.3067584 -0.4896334
0 115 1179 1.6986004 -0.003669262
9 129 494 1.7868876 -0.6140052
0 1039 1558 1.7873596 0.6915259
9 186 117 1.3689142 0.41468376
7 959 578 1.6813874 0.49989122
1 57 1247 1.6046644 0.7530537
4 272 1388 1.4479046 0.20108128
6 348 1322 1.2465656 -0.3292754
5 402 1043 1.5095474 -0.16336757
1 362 954 1.679473 0.1925245
8 742 1075 1.8147084 -0.16473639
7 942 1219 1.5529498 -0.7007404
6 368 404 1.3003153 -0.4033585
7 947 159 1.8332229 -0.06256533
6 29 1580 1.2676904 -0.24371952
7 615 1566 1.6543435 0.3703261
3 351 413 1.6451021 -0.7093328
1 123 1362 1.6631114 0.69660324
6 756 894 1.5132221 -0.12851828
4 865 289 1.5567511 0.3618099
6 321 856 1.4821014 -0.7252974
4 834 1709 1.4574343 -0.10881013
4 925 1095 1.7443607 0.17068034
2 881 833 1.4948193 -0.6097503
7 319 344 1.6427295 -0.7843285
6 402 1690 1.466935 0.61357325
5 394 306 1.2222075 -0.25175506
0 422 158 1.5451572 0.30651873
1 249 400 1.5830044 0.010163367
4 892 1329 1.6083558 -0.0033983588
0 756 147 1.530563 0.75368947
0 477 331 1.955206 0.49674302
0 695 1814 1.6136702 -0.7435398
5 873 1335 1.6111503 0.5179356
1 564 1663 1.4484476 0.095339775
0 218 1430 1.4745642 0.5807292
6 988 1339 1.5792788 -0.49058944
9 899 1725 1.6127925 0.21198112
9 531 1620 1.5034437 0.4792642
7 997 85 1.371489 -0.55795395
3 870 699 1.8925694 0.39992923
8 934 1323 1.589629 0.30024344
1 818 1218 1.8556526 0.24466795
3 538 224 1.5940292 -0.45809728
7 208 435 1.6415682 0.56928164
0 285 827 1.8988552 -0.70759755
4 378 251 1.6796299 -0.0821383
5 994 835 1.7393397 0.5993044
5 269 931 1.7943447 0.5080512
7 511 1773 1.4650309 0.19607484
5 89 786 1.4867567 0.658124
6 803 222 1.67354 0.3077734
7 1015 212 1.420683 -0.7835958
7 241 1385 1.4809244 -0.24445444
4 432 225 1.6407095 0.58207566
7 427 318 1.8970598 -0.6610993
8 631 245 1.6878648 -0.54596543
3 232 998 1.7399557 0.56147426
1 840 598 1.5790135 0.32652968
8 434 1835 1.4955617 -0.575215
6 932 1038 1.5780581 -0.2425667
2 712 707 1.757428 0.63505465
5 383 1878 1.6492373 -0.5789494
4 925 484 1.6268618 -0.15996319
8 238 327 1.3396693 0.63457817
4 129 742 1.6449499 0.3599741
2 250 158 1.9940943 -0.7638788
1 840 247 1.4235147 0.67052287
4 968 756 1.4838147 0.37450618
5 715 1170 1.5565801 0.35087055
3 953 1244 1.2500699 -0.6131811
7 28 109 1.4013653 0.08295858
1 878 1515 1.6079404 0.13677341
7 742 305 1.3366095 0.31882697
5 683 572 1.3694764 0.27061397
8 976 853 1.2625265 0.48356622
3 274 667 1.8128431 -0.13692755
2 979 798 1.588552 0.49765736
1 465 159 1.6928928 0.6943889
1 149 1471 1.7617441 -0.29227886
9 568 100 1.7596421 -0.44981524
4 415 332 1.60135 -0.6632063
5 490 423 0.9347232 -0.6472681
4 224 715 1.3657748 -0.2690102
0 884 1492 1.9202242 0.7002625
7 220 385 1.713272 -0.44124925
6 395 896 1.4471748 0.45467192
3 799 1430 1.4155387 -0.17502493
0 947 127 1.4825841 -0.21127915
8 206 1037 1.4207368 -0.7229454
7 306 859 1.6979445 -0.3632267
2 230 846 1.2591872 0.6489288
0 422 1762 1.425548 -0.69452965
5 502 396 1.3636303 -0.7624285
6 802 711 1.5524759 0.2952569
3 630 1621 1.5383583 0.36710197
3 544 271 1.3633221 0.14247644
3 269 1770 1.4886715 0.07655102
5 769 380 1.9357145 0.7550424
0 189 1515 1.9829857 0.39687377
6 662 1749 1.6101592 -0.2722097
1 327 1647 1.6327968 0.30537075
5 214 1828 1.5297337 0.06585294
7 890 778 1.9189969 0.6555813
4 80 1643 1.5197974 0.22305244
5 116 1624 1.9199129 0.39614242
5 32 1161 1.7195258 -0.76078355
9 365 1081 1.9122813 -0.17690259
2 326 788 1.9060708 -0.53872997
8 712 1782 1.8069019 0.45623285
6 519 340 1.8683636 -0.15049648
6 354 444 1.5002204 -0.5051067
9 650 1623 1.5069059 -0.4315246
2 650 226 1.4884375 -0.10354781
1 173 713 1.5358131 0.091891766
1 213 844 1.4777297 -0.55171776
3 702 567 1.6467731 -0.10931224
3 869 670 1.7425863 0.48589057
6 1026 966 1.2858069 0.43954188
4 870 141 1.5340978 -0.4946257
8 1045 981 1.7962178 -0.5688127
3 38 547 1.6429731 0.45321554
7 150 273 1.6051253 0.13147473
3 792 725 1.3078759 -0.6586902
8 71 1214 1.6837513 -0.12818563
2 226 1814 1.8826859 0.53559226
2 645 1078 1.1370572 -0.48108107
6 865 1210 1.4424739 0.162907
5 695 1062 1.5585512 -0.17595124
6 677 852 1.59364 0.09428662
6 737 955 1.6099564 0.03316015
3 647 1756 1.9401492 -0.5074503
2 282 279 1.6782112 -0.44224685
8 696 1012 1.767702 -0.004165292
6 412 205 1.9800825 0.16495258
1 987 1602 1.5064029 -0.67533875
3 82 1449 1.7872509 0.37463254
8 123 1359 1.4965923 -0.26008475
0 914 1060 1.3518562 -0.55044276
5 834 1631 1.6470908 -0.23835742
1 713 661 1.3787197 -0.14931893
3 165 1795 1.7677027 -0.29780453
2 527 146 1.6700126 -0.55042934
9 353 1859 1.5598967 -0.114195704
7 312 783 1.5780454 -0.02880025
0 93 233 1.728338 -0.52172023
6 863 584 1.3627524 -0.026458442
9 985 1026 1.5518041 0.41528755
2 126 1796 1.7642539 0.111897826
5 42 799 1.5131725 -0.30479395
4 327 269 1.5604093 0.34175938
7 864 1786 1.6248835 -0.5899086
1 980 1417 1.4536536 -0.76895463
1 732 426 1.7279916 -0.1545332
7 194 1740 1.4566696 -0.41712108
3 794 1078 1.8659391 -0.017146409
5 630 1109 1.2957649 0.120296836
6 824 1128 1.642636 0.36544555
0 689 786 1.7882087 0.6461304
3 744 415 1.5868447 0.46439475
2 373 286 1.3067343 0.58172494
9 135 1049 1.3644161 -0.02991581
5 705 688 1.3718026 -0.14528137
1 253 1713 1.5277414 0.005789101
0 1023 64 1.3075945 0.5916336
2 594 147 1.408489 -0.5709013
0 612 190 1.4713765 -0.75513285
1 1010 1580 1.6653588 0.5131915
0 803 1336 1.9816726 -0.57433975
5 1034 130 1.285752 -0.77893364
8 71 207 1.7254467 0.21914715
7 205 1776 1.8996266 0.43178672
1 364 1666 1.5159518 0.4458987
5 963 1021 1.6392944 0.66741496
3 230 966 1.7263805 0.114191234
0 356 813 1.4547805 -0.47452328
5 707 1673 1.3183444 0.27151483
6 165 1328 1.7065603 -0.124444366
3 952 1454 1.7027483 0.27881354
8 250 975 1.745393 0.33140975
5 229 1161 1.415665 0.19788295
1 825 797 1.5237914 0.33126456
7 904 324 1.4932522 -0.48126477
5 192 1476 1.5890377 -0.6507505
4 760 923 1.7193434 0.28284496
5 137 164 1.8323519 0.2452057
6 84 1326 1.4855947 -0.6588339
9 940 314 1.3858109 0.1283809
5 960 1427 1.4888576 0.5322296
1 912 1236 1.6944841 -0.28524703
3 853 128 1.7034088 0.53796047
7 959 211 1.8306644 -0.23133153
7 112 1160 1.8521793 -0.60013664
7 867 256 1.984909 0.5933655
4 297 273 1.5641121 -0.5859775
9 952 589 1.4147155 0.7590236
5 964 75 1.5976585 0.058175266
2 823 1108 1.5452139 0.6034722
4 401 891 1.224342 0.6114771
1 306 1346 1.221468 0.6748783
7 243 108 1.5379992 0.25099915
6 400 728 1.1871532 -0.7241807
8 829 857 1.6154352 0.77408284
9 280 396 1.5063062 0.19635618
8 376 369 1.8066444 0.4893207
2 394 773 1.6345431 -0.42951623
2 931 721 1.5340339 -0.44334003
8 171 98 1.5426159 0.5755184
2 864 806 1.670682 -0.49096572
3 794 810 1.817385 -0.39930615
8 239 969 1.5336813 0.2983865
8 170 96 1.7272122 0.37175614
6 342 1603 1.4124068 0.47242242
1 69 1612 1.7687361 -0.33853722
5 781 77 1.3401406 -0.16283894
5 406 855 1.4116129 0.057251096
3 395 1736 1.6426762 0.49753863
8 297 225 1.6879057 0.39852697
7 1006 1703 1.6910222 0.2612676
3 791 337 1.3588718 -0.4011505
0 108 1574 1.2781913 -0.31218636
7 1006 1410 1.622726 -0.174636
2 202 592 1.8379005 0.13018662
1 820 758 1.5964212 -0.75595266
7 950 1853 1.4447111 0.1792332
8 767 291 1.6134808 -0.17248875
0 788 692 1.6093023 0.7001601
8 806 111 1.7474884 0.12118709
6 311 636 1.6863394 -0.07843077
0 769 1441 1.0185341 -0.2887455
5 607 1782 1.474378 0.5434014
6 402 863 1.4533546 0.43079942
7 1052 248 1.3278922 0.41493148
5 346 533 1.9384699 -0.2639082
8 94 119 1.3307667 -0.58226395
0 379 606 1.6292361 0.43406254
9 63 705 1.3835216 -0.32243896
2 790 1148 1.7856383 -0.110244095
2 147 1544 1.5857242 0.72334415
6 177 862 1.5480179 0.27559894
2 286 1608 1.484752 0.20091075
6 56 748 1.670381 0.553413
0 61 466 1.8575639 -0.2583958
2 618 1576 1.8506312 0.4613424
0 284 931 1.7341689 0.16315275
8 535 396 1.2096746 0.36538774
9 1013 1223 1.6987456 -0.25060755
7 752 1845 1.3526621 -0.036946714
9 305 759 1.3863192 -0.4193495
9 859 1424 1.3411865 0.47380286
8 977 173 1.5287739 0.708844
7 952 1565 1.6740999 0.54379314
2 903 1762 1.7844138 -0.22774196
0 233 1356 1.982686 -0.5723371
3 628 294 1.56854 -0.5629717
2 932 1546 1.7700409 -0.09469569
6 567 361 1.3757311 -0.3899901
5 839 49 1.3299907 0.6901557
4 247 465 1.450692 -0.54049194
7 113 617 1.2706693 -0.4525708
4 140 265 1.6616719 0.0058615804
3 723 520 1.8048576 -0.5511298
5 352 1288 1.2486229 0.037607312
5 906 720 1.7227387 -0.53266513
4 881 78 1.4645684 -0.43879053
4 755 1323 1.5270128 0.37632185
7 86 1395 1.803132 0.11994749
8 259 735 1.4084691 -0.047614336
5 56 1380 1.609323 0.35869426
0 774 1403 1.1179675 -0.58173025
8 949 972 1.7423016 -0.75576454
2 687 1540 1.3862983 -0.57119185
2 762 113 1.9091038 0.21802527
8 311 1406 1.1351762 -0.44384158
6 53 1129 1.2862489 -0.19164556
3 642 914 0.959418 -0.11244649
6 88 1818 1.58235 0.48324174
5 321 168 1.504439 -0.5000999
6 963 1418 1.7267357 0.30055755
5 734 1775 1.7252897 -0.037980616
4 529 164 1.9584439 0.48823863
0 833 1627 1.6529455 -0.6847801
3 133 891 1.6092983 -0.5021157
5 346 298 1.9331384 -0.25378823
0 759 590 1.749917 0.19749677
6 1007 1277 1.5940548 -0.15309042
5 21 1749 1.5318264 0.34177727
2 444 449 1.8934575 0.22285157
4 289 999 1.709675 -0.7266911
8 184 1034 1.6555547 0.74235266
6 807 1073 1.9648198 -0.6668387
1 581 148 1.697647 -0.16146255
1 165 1827 1.6094888 0.12450868
8 403 193 1.949351 0.28635114
0 179 1566 1.9716175 -0.40134928
5 337 1844 1.6360098 0.72577995
1 436 1826 1.6891875 -0.3590828
1 1027 745 1.5532373 0.16634291
8 1045 527 1.7948103 0.09472746
4 216 639 1.7879641 -0.37226328
6 722 759 1.3135636 0.40540856
0 155 821 1.5352293 0.38340396
9 382 251 1.6871201 0.5027873
6 901 518 1.5675448 -0.08871007
7 670 708 1.0141318 0.15080482
3 342 591 1.5931401 0.40269023
3 1009 935 1.505289 0.4256962
9 205 1546 1.7175896 0.4920594
2 976 1276 1.8069096 -0.022833526
8 1034 1018 1.4238294 0.54016954
3 917 615 1.7355212 -0.36462763
8 845 959 1.7224032 -0.46959427
7 937 274 1.6127882 0.1529994
7 124 262 1.8866237 0.45707768
8 925 1878 1.8186355 -0.36231768
3 177 162 1.9768672 0.52080256
5 973 1154 1.801542 0.658989
8 1048 1406 1.2882085 -0.10773677
7 940 1084 1.7428248 0.65443724
6 413 620 0.72540057 0.04206896
4 782 777 1.739753 -0.59652233
0 987 935 1.4794486 0.30673176
1 261 1149 1.6205071 0.1319089
0 641 897 1.1837975 0.589611
0 272 1611 1.6324508 -0.6327175
0 748 715 1.8707241 -0.7013252
0 275 1083 1.654915 -0.3306767
5 895 1185 1.6580207 0.48019534
4 300 434 1.4951711 0.13684368
3 272 684 1.3521748 -0.1466375
0 119 817 1.5024225 -0.5422513
6 107 640 1.5212157 -0.74997264
6 70 1582 1.5710019 0.3451261
3 763 1468 0.98873484 -0.5722431
9 435 869 1.1788805 -0.23960137
9 705 1352 0.7746912 -0.7086161
6 845 820 1.4198444 0.085353315
0 889 925 1.7563924 -0.19035864
2 686 848 1.4805989 -0.10431558
9 965 1537 1.4195741 0.15356493
4 635 362 1.9966114 0.49335724
9 79 1402 1.4214537 0.04119587
0 313 1710 1.4365907 -0.52740574
2 775 1796 1.4448507 0.17697042
2 446 1812 1.7448072 0.035562992
3 917 265 1.615121 -0.57767236
2 97 1367 1.9084563 0.102088094
9 357 944 1.4441118 0.0074180365
4 1031 1582 1.560301 -0.40951455
7 77 727 1.6526251 -0.40265825
2 745 1010 1.3037691 0.5726742
6 487 173 1.979399 -0.32102332
6 828 649 1.8733716 0.690775
8 196 872 1.8293664 0.3330205
2 1027 1643 1.5802261 -0.010692
1 633 1023 0.81057376 -0.20250988
3 795 1473 1.5232743 -0.11639696
0 731 1603 1.521068 -0.06527114
2 209 197 1.6511602 -0.34917706
9 878 432 1.3673714 0.104774415
2 117 1204 1.6693946 -0.40019578
2 163 1012 1.4441241 0.292656
2 429 1810 1.9722526 -0.19542563
5 633 253 1.899049 0.6245677
2 932 1322 1.6855075 -0.28591308
8 426 458 1.5253623 -0.7341512
3 939 341 1.5914809 -0.3835292
1 275 1826 1.4640474 0.6945402
6 206 215 1.9069529 -0.07406962
4 983 1647 1.7845726 0.7405626
1 930 1356 1.7427235 -0.041968763
5 188 467 1.9453323 0.7169159
1 952 345 1.5497912 0.3418879
7 937 1050 1.8520217 -0.22520608
2 90 626 1.4243033 0.25542945
0 735 673 1.5330044 -0.6935702
3 719 1227 1.1015252 0.2619472
1 702 1717 1.5391464 0.17074627
2 150 352 1.6115862 -0.58603215
2 889 893 1.4485437 -0.05111593
9 61 1583 1.7333924 -0.13687688
7 845 401 1.4663 -0.5616877
3 319 434 1.3515948 -0.47301063
3 954 930 1.6733885 -0.46803296
8 912 1637 1.5468528 0.32752985
4 346 468 1.905438 -0.36483428
7 549 1599 1.6041437 -0.74791586
9 976 974 1.4532284 -0.12927496
1 137 605 1.8005313 0.7218831
3 639 457 1.5647845 -0.091713786
4 983 1329 1.701354 0.08614385
1 802 1811 1.8814547 0.74912125
7 254 687 1.9008247 -0.17730737
1 416 1542 1.364763 0.005548537
3 942 749 1.2632446 0.14768928
7 104 1707 1.3003972 -0.22072285
1 985 381 1.4635506 -0.5426049
5 412 323 1.3702188 0.24742705
0 817 105 1.392518 0.6906833
1 162 1571 1.3489895 -0.6510815
7 91 1009 1.5263525 0.17592955
5 670 958 1.5569516 0.025502622
4 912 1172 1.4401083 0.13952458
2 825 322 1.491542 0.56040555
5 881 819 1.4519439 -0.3431856
3 791 925 1.4888188 -0.3917471
1 454 492 0.98835915 0.32038122
3 670 184 1.8190843 -0.7413231
2 143 1616 1.5446934 -0.6816306
9 380 1142 1.4317344 -0.02822423
4 898 286 1.3850561 -0.34477577
2 960 87 1.4434279 0.17721355
6 752 1752 1.8591655 0.7484867
1 745 726 1.7709306 -0.5201584
7 977 1310 1.6364607 -0.37798885
2 916 1649 1.677104 -0.60442066
3 159 1382 1.7253997 0.10368651
3 744 1273 1.2248268 -0.3686549
4 987 1734 1.5291977 -0.14010292
5 667 74 1.4227283 -0.13584852
2 203 1416 1.563364 0.7165207
6 345 1291 1.1847904 0.49721807
8 709 1153 1.3373992 -0.7336689
7 256 1780 1.7582115 -0.10310453
1 877 819 1.6485823 -0.50664306
0 689 631 1.0633717 -0.7366465
7 337 643 1.7647109 -0.45561692
3 966 1086 1.6224526 0.4341871
2 973 764 1.3753703 0.76706725
0 129 1075 1.3056247 0.6299072
6 294 1637 1.3971351 -0.3373392
9 401 499 1.38897 -0.22880733
6 224 1069 1.631334 -0.60696673
4 480 1619 1.4732895 -0.16537887
4 824 206 1.9525309 -0.4402787
1 317 937 1.9528311 0.22061962
1 928 217 1.2459941 0.0827049
1 304 1107 1.375602 0.37981743
9 82 541 1.798495 -0.5983751
0 136 840 1.3461754 0.65287656
3 246 105 1.6015421 -0.73187184
8 809 312 1.2522961 0.19898236
3 81 1603 1.3436028 -0.67936635
6 896 899 1.6236544 0.6957088
0 152 837 1.9478595 -0.46365348
5 802 1130 1.7790222 -0.4146983
0 492 1552 1.6286542 -0.12912995
2 372 286 1.7457248 -0.41599923
9 936 111 1.2741114 0.15116698
7 909 876 1.877187 0.045122206
1 205 519 1.4545088 0.40096897
0 1029 1642 1.8060809 0.32358557
7 109 1708 1.4983923 0.20895994
6 719 1109 1.3332322 0.23737258
2 779 275 1.4905521 0.26878637
3 297 299 1.6290419 -0.29412022
8 933 1486 1.6508754 0.68453866
0 169 1270 1.7386869 0.6167303
5 958 162 1.679242 -0.26754153
1 70 1013 1.3861895 -0.5344923
5 303 860 1.447281 0.014235675
7 783 1837 1.552542 0.4817621
4 128 352 1.5976257 -0.07139921
2 722 456 1.7018937 0.049888432
5 337 304 1.8276128 -0.15418875
2 839 1398 1.7419342 -0.07446605
0 947 954 1.4815433 -0.6773896
7 838 121 1.7193009 -0.7591676
6 871 210 1.7007413 0.33900887
4 171 1016 1.4647624 0.67594093
3 950 1488 1.6322482 0.7080038
7 204 1570 1.4237425 -0.59786624
4 180 606 1.5057782 0.3930233
7 857 260 1.7712238 0.027959943
5 1018 1720 1.5773934 0.1549772
2 323 951 1.5705426 0.4429688
8 526 1529 1.2325224 -0.72387296
8 193 1705 1.8456742 -0.3551219
4 868 1189 1.6202005 0.04648328
8 93 365 1.8011551 0.248676
7 665 258 1.5944098 0.17109495
5 187 491 1.337729 -0.2868841
3 942 1780 1.999334 -0.6082156
5 487 325 1.5768837 0.4761744
5 649 402 1.952099 -0.76126486
5 697 919 1.4995643 -0.5575806
5 132 1011 1.3323208 -0.61443794
8 483 1755 1.448577 0.7320995
2 539 81 1.3706199 -0.5567219
6 122 1844 1.5110133 -0.0660553
2 301 372 1.7647326 -0.35738748
4 914 1482 1.4051638 -0.7446882
9 766 1560 1.6666193 0.567805
5 359 1719 1.6351321 0.5377404
8 396 798 1.4325953 -0.26479888
9 929 1478 1.8164163 -0.25608295
9 380 1188 0.9780162 0.3958425
6 974 583 1.4204967 0.027998447
1 466 1703 1.6435559 -0.028526187
8 654 122 1.7796775 -0.4055899
2 696 1834 1.3358433 -0.16063452
9 758 440 1.4622331 0.36636668
6 317 143 1.591661 -0.3339672
8 101 706 1.6992129 -0.06833112
6 767 1161 1.5904545 0.50483257
0 400 715 1.03688 0.3247326
3 885 774 1.4267778 -0.43967763
0 896 939 1.3808637 -0.73806834
4 742 645 1.520849 -0.3627081
2 303 468 1.4756155 -0.049480498
2 118 885 1.2964495 0.4232145
1 244 354 1.7365379 0.73686594
6 750 1745 1.3872269 0.039987683
4 1006 1666 1.39128 -0.48561028
2 582 400 1.2735624 0.23787981
1 874 1240 1.6235663 0.7442674
1 924 71 1.6107253 0.37284535
7 268 642 1.6892878 0.4657455
0 729 738 1.3398061 -0.664705
6 925 1771 1.5970646 -0.5172191
4 750 879 1.9828146 -0.5069493
3 198 1611 1.6582462 -0.27288008
5 654 1071 1.5879178 0.4514243
5 324 1536 1.3847128 -0.54379225
2 244 1217 1.4795983 0.39495236
6 112 1335 1.7067872 0.09151614
2 292 1083 1.7065318 -0.00116539
1 272 1027 1.3291912 0.5432469
6 543 231 1.4823816 0.31860667
0 286 1370 1.2986057 0.6362396
9 897 1145 1.5227498 0.15028071
7 132 127 1.3231696 0.053681254
0 795 1237 1.5599055 -0.1257059
7 787 114 1.8357401 -0.029860497
2 826 114 1.3117683 0.39574856
1 827 710 1.7635822 0.42245287
3 51 664 1.392451 0.3238154
1 707 1616 1.7435733 -0.15153259
2 859 644 1.6049476 0.27873796
5 658 1798 1.8187531 0.7065274
9 422 342 1.4447036 0.32670826
5 805 569 1.5922893 -0.60074645
6 32 1688 1.2992152 -0.6971987
0 313 883 1.5159372 -0.32042804
7 720 1790 1.3420783 0.29359013
0 244 1112 1.5919399 -0.4111663
9 701 174 1.2900665 0.7129596
2 52 672 1.6810093 -0.0367167
8 936 648 1.6491818 -0.15810591
8 796 515 1.5302764 0.046640933
7 461 1779 1.8688955 -0.19014192
6 329 1572 1.8064684 0.6727157
3 152 1096 1.574526 -0.39344895
8 829 1667 1.6875747 -0.34285313
1 621 472 0.9277001 -0.022772074
9 183 1396 1.6265485 -0.6951566
8 726 218 1.4064581 -0.577087
1 96 870 1.7552096 -0.4566132
2 712 1046 1.6932709 0.5918383
5 813 465 1.4271687 -0.44232166
5 121 1094 1.5981262 0.116776705
7 604 62 1.5229273 0.53916806
5 821 1640 1.944221 0.19388294
8 846 1774 1.4738538 0.47774714
8 100 484 1.8004075 0.48650962
4 185 630 1.6972479 0.5778691
0 832 160 1.5167261 -0.08481562
9 316 711 1.4079798 -0.5703011
8 215 965 1.494616 -0.29634303
0 176 1346 1.7936807 -0.28245413
7 335 1021 1.6028612 0.44667476
4 52 1782 1.2624869 0.71215814
3 486 384 1.5691556 0.45031053
8 753 1630 1.7859725 -0.30784824
2 191 433 1.3227586 0.5859031
2 164 552 1.7047801 0.6119968
8 661 482 1.9618741 -0.22744077
0 617 455 1.3040543 -0.6544615
0 125 1076 1.9541852 0.3365156
7 236 1665 1.8403454 0.73919743
7 343 639 1.55468 -0.4095225
6 818 192 1.7038963 -0.028965294
8 843 819 1.3389229 -0.124087036
7 415 762 0.91258115 0.17251986
9 77 169 1.6991781 0.7326378
6 144 1263 1.5489962 0.39037305
4 789 1610 1.476942 0.31632763
4 421 298 1.3890084 -0.6823704
6 985 98 1.6226074 -0.11621517
7 819 386 1.3870989 -0.2755021
7 257 485 1.4280875 0.105262816
0 986 1468 1.7547089 -0.29173696
7 335 87 1.4342058 0.06636405
0 160 92 1.6357424 -0.592134
0 163 1559 1.3855455 0.12981153
6 1050 323 1.606956 -0.66767687
4 496 348 1.7694899 0.5185165
3 386 1066 1.6396152 -0.13949364
4 898 586 1.4210465 0.7472901
6 689 891 1.549273 0.071872294
2 808 1038 1.2769291 0.03169024
3 94 1759 1.7604008 0.27270943
5 819 879 1.8261293 -0.09380287
2 164 897 1.7019207 -0.0740509
1 93 422 1.7893573 0.26774913
9 784 340 1.8347785 -0.47507435
8 257 1372 1.8251978 0.48630136
5 929 918 1.3033807 0.7490222
7 198 1630 1.6328694 0.7064834
6 380 1588 1.8258376 -0.5604475
8 1045 567 1.5121174 0.5869071
0 947 158 1.7593464 0.68257624
2 977 167 1.6238934 0.5011124
6 286 224 1.4383405 -0.5677376
4 148 1284 1.5497104 0.44313246
1 813 427 1.5856822 0.7720606
2 929 1815 1.5224688 0.22572857
3 463 1590 1.4289382 -0.69428045
0 937 900 1.7529467 0.52155644
6 433 1774 1.59814 -0.082318306
3 836 707 1.4228996 -0.66773874
3 722 1038 1.4454911 0.4012019
1 658 1017 1.3240815 -0.77231216
4 218 388 1.7894872 0.5256937
8 680 1722 1.6941543 0.52864903
2 875 865 1.5000583 -0.10498315
2 845 1076 1.4962096 -0.046868086
7 681 1608 1.489653 0.3244167
8 45 856 1.3048055 0.38401395
5 178 761 1.6184825 0.32288796
6 338 351 1.461282 -0.012123942
7 97 1022 1.3632609 0.7336902
4 988 518 1.6654445 -0.7630392
1 294 780 1.77955 -0.53433263
5 283 537 1.8141807 0.53359395
1 527 1708 1.5232219 -0.16709644
1 522 1553 1.753372 0.6145703
5 674 945 1.5701581 -0.18923616
8 261 903 1.6854831 0.5536353
2 915 1829 1.3349991 -0.034558296
4 127 1828 1.467164 -0.59537446
9 289 152 1.835158 -0.7200861
3 68 1510 1.5173755 0.29372185
5 282 469 1.9269586 0.7087
3 296 734 1.356094 0.66212434
2 888 1655 1.510605 -0.766314
9 291 296 1.9288101 0.14182383
4 358 1183 0.91414356 -0.6672553
6 519 254 1.683123 0.55955654
7 546 341 1.310613 -0.45295072
9 851 1049 1.9157131 0.2962678
6 214 478 1.5589261 -0.098828495
0 772 1768 1.7009315 0.2731387
7 780 210 1.4050932 -0.0056865215
8 448 245 1.7557298 0.7047762
8 647 1005 1.4674275 0.59003204
2 630 1597 1.9584578 0.10314137
2 419 997 1.6214911 0.21612424
4 460 103 1.7280967 0.61759025
1 221 630 1.4577938 0.084466994
7 71 384 1.6671736 0.0054553747
8 376 263 1.7713225 -0.07243675
0 1025 1684 1.4434924 -0.645298
0 63 961 1.4263119 -0.590621
6 614 369 1.7684518 -0.19202662
2 865 898 1.9571996 -0.7393061
6 656 218 1.8144962 0.20195931
1 994 449 1.661628 -0.58853537
5 826 1699 1.6392289 0.2502976
2 951 1649 1.5973638 0.48820275
7 665 1507 1.0261765 0.07120174
5 848 1453 1.7568733 -0.023450017
2 175 1468 1.4987547 -0.10379207
1 925 1126 1.5872574 0.049753428
1 270 1020 1.5717384 0.08844471
4 966 446 1.7691715 0.5117008
7 92 1834 1.6420379 -0.02698332
1 219 119 1.6224531 0.48708802
9 742 1268 1.3779786 0.3106398
7 455 386 1.9754771 0.4406653
7 168 1543 1.4359764 -0.27094918
9 941 364 1.6310629 -0.68384594
6 805 546 1.4697067 -0.40563157
7 983 1281 1.6025895 0.40739876
0 352 1181 1.3480645 -0.54581237
3 188 261 1.6468241 0.05781901
8 354 611 1.5495899 0.067442715
0 710 139 1.66417 -0.2161029
4 900 971 1.4359381 -0.68078655
0 686 522 1.9263968 0.387407
1 389 616 0.9029012 -0.19397706
3 712 861 1.477158 0.5248403
3 391 1820 1.9714371 0.45574313
8 330 605 1.6509064 -0.69973886
2 694 644 1.7666415 0.55492693
1 414 882 1.2024735 -0.6409905
4 552 118 1.3654543 -0.0023277402
9 772 275 1.5682266 -0.36527947
5 138 105 1.6036294 -0.71932375
2 208 1093 1.4926286 -0.3785442
3 185 144 1.2322855 -0.32606456
7 722 1789 1.3769618 -0.7848616
5 209 1311 1.387309 -0.76818734
4 378 1532 1.7046604 0.26822668
8 682 616 1.364748 -0.14307088
2 960 1078 1.471086 -0.5538533
9 584 1675 1.3649281 -0.07570678
1 555 1814 1.6148211 0.33190507
3 626 1088 1.117316 0.6617314
8 173 863 1.5611335 -0.41958553
2 144 1165 1.6803305 0.3608244
1 407 314 1.9326566 0.6010991
5 29 599 1.6811949 -0.12518364
6 167 324 1.5691396 -0.4770482
8 91 684 1.9074978 -0.045786858
2 637 1608 1.8021168 -0.103431344
2 941 1185 1.5311273 0.23558599
5 923 274 1.4785429 -0.40954086
3 865 1327 1.5984845 0.71806234
1 121 1847 1.5367804 0.2556643
1 416 963 1.4545162 0.5801411
5 245 1031 1.4599041 -0.5419789
9 955 1023 1.8974289 0.35350436
7 191 1206 1.6293689 0.35206336
4 864 215 1.4510844 -0.04317075
7 772 339 1.5675539 0.65383023
6 880 1056 1.7689631 -0.63481396
3 768 776 1.5713913 -0.5522272
9 260 955 1.8715384 0.50727326
3 202 1415 1.3099333 -0.69703823
6 340 797 1.585352 0.6126768
8 756 1143 1.9490798 0.003907442
3 131 998 1.7139342 -0.40278438
6 320 1344 1.325211 -0.2535023
5 970 250 1.6503946 -0.54308593
0 907 1265 1.4494388 -0.60314286
4 325 238 1.5000306 -0.26385868
1 400 805 1.3168067 -0.29077446
2 416 1782 1.3024278 0.63861805
6 1016 199 1.6078074 0.66148883
1 822 1169 1.302999 -0.22636336
0 277 988 1.9022489 -0.6915492
6 489 209 1.8854753 -0.1188277
0 593 124 1.5177072 -0.15642643
4 186 1230 1.5312548 0.35615557
5 472 397 1.9758426 0.6688412
3 199 1476 1.6269919 0.15597695
5 849 1551 1.820491 0.20846689
5 887 1817 1.707547 -0.025016963
2 590 162 1.6547929 0.50077695
5 906 1683 1.762827 0.3583657
2 941 1160 1.5140812 0.59002465
8 376 654 1.303829 -0.09379089
6 59 1321 1.3583757 -0.6468406
7 817 1228 1.5556577 -0.30694437
2 281 1350 1.587481 0.2753591
3 171 1011 1.4743901 -0.019270718
8 773 369 1.5234909 0.4340455
3 265 1076 1.838031 -0.11447549
7 897 1607 1.7846035 0.73517054
4 957 1397 1.7440081 0.6710494
3 44 529 1.5535532 -0.01237005
0 277 459 1.379776 -0.70101565
9 262 1316 1.75934 0.23175424
6 303 431 1.5392652 -0.67135113
4 793 784 1.8040102 0.23173088
7 892 1293 1.9607013 -0.4656131
9 103 770 1.3501053 0.6121947
0 31 291 1.6090924 0.5983227
8 225 242 1.46396 -0.2962489
2 79 1819 1.5393671 0.28150815
6 402 1786 1.4253132 -0.29445243
4 100 59 1.7266389 0.2599153
6 456 73 1.725441 -0.56452143
8 851 389 1.5166112 -0.060469806
4 730 1517 1.4741675 -0.22060513
1 908 800 1.984196 -0.29698718
4 977 1297 1.710885 -0.19517827
3 160 1876 1.5259675 -0.6050483
1 530 1645 1.8736448 -0.6222838
1 483 1599 1.7085379 -0.28285205
2 805 89 1.4801046 0.58303493
7 695 199 1.6237736 0.662309
3 330 386 1.7966325 -0.17080706
2 352 1165 1.5738056 -0.039771974
0 834 1516 1.7620568 0.7399283
7 675 398 1.7800201 0.49300176
3 114 891 1.6654823 0.012937546
3 948 1003 1.5848534 -0.0056307316
1 469 1624 1.8170549 -0.6131104
9 395 1058 1.2363625 -0.4949367
8 942 815 1.3684669 0.46756524
5 914 977 1.724597 0.5228788
4 341 1270 1.0614611 -0.061453998
4 403 1633 1.574837 -0.09851509
9 289 1047 1.6228119 -0.38837382
4 840 154 1.5722327 -0.54359555
5 1017 1756 1.7068224 -0.72337633
4 770 115 1.764406 -0.6953598
0 789 937 1.4547863 -0.58053046
5 1017 440 1.5852693 -0.74124765
0 468 241 1.6709421 -0.76857907
0 291 1856 1.534262 0.6643092
3 244 1266 1.6053497 0.30971736
8 565 1510 0.8307011 -0.50593936
8 965 478 1.5982112 0.7362887
9 756 1212 1.4458785 0.04809445
4 846 1443 1.927296 0.3338303
5 690 1068 1.7603598 0.74651796
3 101 876 1.9883804 0.036961198
8 415 69 1.2594869 0.3267377
4 938 236 1.8636706 0.32136244
5 807 186 1.6458914 -0.16470212
9 935 981 1.7945461 -0.35633773
8 170 1351 1.7348425 0.52112454
5 424 1851 1.6443814 0.5784052
5 838 100 1.5132412 -0.19069535
5 641 1029 1.211727 -0.53327477
3 842 883 1.7941172 0.23599881
3 665 1721 1.5276958 -0.2222938
9 882 1468 1.6324731 -0.74371856
2 261 1136 1.4239221 -0.31517333
2 776 1663 1.7231996 0.35901457
0 594 268 1.5120504 0.47749716
0 665 169 1.537759 -0.71253324
0 233 341 1.3994626 -0.26186466
1 816 859 1.5295038 -0.6407423
5 101 1351 1.6379306 0.7498389
5 635 345 1.9089577 0.6575449
5 843 162 1.4731112 0.56832093
2 516 1835 1.3358979 0.7097909
0 844 1687 1.6705631 -0.23125273
4 135 625 1.4377613 0.6940704
8 697 738 1.6709961 0.08357394
4 876 1501 1.7065723 0.05672902
6 895 1659 1.807789 -0.5629838
2 401 124 1.5395621 0.4588824
8 952 435 1.5242901 -0.2098419
9 916 1530 1.4670738 0.6853296
6 97 255 1.8016238 -0.03231722
3 539 223 1.427812 0.5479048
0 719 1573 1.7583202 0.27183253
8 900 962 1.8089635 -0.2879885
2 735 399 1.9149843 -0.42545068
4 933 797 1.6252775 0.5070494
8 175 1164 1.4742236 0.16537726
0 258 1376 1.4405208 0.66789
8 803 489 1.6330373 0.07252991
1 459 1516 1.0046064 0.49966115
8 475 1612 1.5254068 -0.34987646
5 819 1353 1.459201 -0.3077062
1 776 889 1.2936435 -0.0913201
0 540 1711 1.6023532 -0.25518918
3 330 1787 1.8775084 -0.46846533
3 941 1078 1.5468789 0.09258509
6 989 207 1.6612662 -0.7690035
8 880 1216 1.5522457 0.6514264
5 94 238 1.2366205 -0.6393653
1 140 672 1.8656683 0.46345586
4 818 914 1.7691494 0.7216087
2 691 712 1.5827811 0.6551898
1 921 116 1.6352979 0.64634687
9 834 291 1.6287981 -0.4113267
6 1027 1582 1.2844387 0.50505906
1 816 193 1.6228092 -0.0068718195
1 405 843 1.3858037 -0.23449093
7 1013 336 1.3302394 -0.25066918
6 866 182 1.3975039 -0.08611089
0 868 1102 1.560471 0.27757972
6 418 1145 1.1423146 0.7282608
0 357 1315 1.3775333 -0.039993167
8 943 1407 1.5878086 0.70074004
0 298 358 1.4981437 -0.68093723
3 959 1135 1.3919063 0.5664508
6 168 827 1.7574036 -0.12896705
1 811 994 1.3866682 -0.030179381
4 460 454 0.9016702 0.20997101
1 965 1733 1.5175877 0.1624763
0 91 508 1.7931309 0.07779449
3 358 1042 1.9012071 -0.73119175
2 395 106 1.3957592 -0.7367461
9 536 1533 1.3957287 -0.6338196
7 664 378 1.4049668 0.6321743
8 109 806 1.6804324 0.3200869
0 35 1020 1.3612643 0.17789537
7 67 1616 1.2862641 0.59884375
9 450 138 1.7147132 -0.4028737
7 962 692 1.4371358 -0.20315015
7 380 49 1.377239 -0.068479836
4 844 956 1.6534522 0.18173242
7 287 1271 1.368084 -0.60155773
9 376 355 1.3188732 0.17451185
4 380 188 1.3874644 -0.36748558
0 142 705 1.6335526 -0.5235181
6 803 1040 1.550431 8.16524E-4
9 808 1114 1.6417521 -0.15513533
9 455 1754 1.4401703 0.33372945
5 506 373 1.6309472 -0.15071434
0 773 1500 1.4940014 -0.021957695
2 607 1786 1.4177495 -0.5261891
1 416 1702 1.4562584 -0.10617113
7 338 1686 1.3453387 0.15811718
8 249 1432 1.4967091 -0.041989982
3 59 550 1.6096135 0.0018176436
5 860 1695 1.7636926 -0.72183377
3 41 113 1.5140631 -0.1192925
9 253 895 1.715446 -0.41189387
8 546 222 1.5301353 0.62721235
2 767 1824 1.3144618 -0.3217008
8 978 319 1.6962528 -0.13903826
2 215 577 1.6979952 -0.16541004
2 730 146 1.6708572 -0.73750335
4 915 1486 1.8917587 -0.6374158
7 1006 1672 1.7701322 0.6682845
5 244 274 1.5549318 -0.41524535
7 631 525 1.4283133 0.4475171
5 222 1727 1.610548 -0.5745575
0 610 447 1.0688407 0.39557058
0 289 1576 1.7885165 -0.05743909
6 827 973 1.450645 -0.27185917
8 214 1234 1.3680737 0.5355224
1 622 1812 1.5816444 0.044183195
1 344 1720 1.452702 -0.18867123
4 319 1277 1.5518554 -0.657478
2 1002 121 1.7410629 0.5089175
8 855 1041 1.933589 -0.086037934
3 162 576 1.8406757 -0.12552756
4 121 1122 1.5687163 0.123147726
9 203 360 1.7665266 4.235506E-4
5 970 983 1.6342335 0.71821576
9 927 1125 1.6732543 -0.41665238
3 333 84 1.2793443 -0.44536564
8 294 1130 1.388203 0.16980964
6 895 907 1.9161752 0.6555733
3 778 359 1.3964759 0.043881
6 134 757 1.8225 -0.63338983
1 910 1750 1.368318 -0.47774702
4 920 1279 1.4354559 0.07517022
7 851 741 1.3358427 -0.06998795
1 967 371 1.3261342 -0.3423439
9 1017 140 1.4181058 0.17055207
6 944 382 1.6362227 0.47390097
2 413 1830 1.3933364 -0.006906569
9 1033 977 1.636859 0.7450982
1 801 1401 1.432792 -0.34925085
0 275 120 1.6236323 0.270981
8 503 110 1.7969025 0.40821677
0 302 700 1.424714 -0.44175306
1 651 260 1.7732742 0.74097294
4 676 1013 1.4136906 0.37004727
3 762 906 1.8416122 -0.16524029
5 627 188 1.5752078 0.4622218
3 539 332 1.7241715 -0.16786623
0 950 671 1.4255867 0.044858158
0 299 574 1.5888395 -0.7372365
5 152 686 1.7950321 -0.13026601
4 972 578 1.5080496 0.2657128
3 974 1336 1.5966144 -0.75071114
8 142 741 1.7486382 0.305988
5 815 1357 1.8460994 0.13636756
5 760 605 1.6313562 0.37482065
9 752 957 1.4714288 0.2686128
8 201 1380 1.6493893 -0.4213998
3 133 748 1.4549904 -0.28732675
4 912 547 1.3199226 0.60172004
7 784 1450 1.3327256 0.56983525
8 87 1419 1.6337789 -0.30481035
5 742 1708 1.5836407 0.29607695
8 287 577 1.6920898 -0.38583672
6 911 505 1.9965907 0.76372916
2 375 1494 0.9138729 -0.11546725
4 554 1751 1.9277866 -0.50947976
4 792 1764 1.6565876 -0.078015804
6 398 1137 1.4421912 0.6953252
1 424 1764 1.4661559 -0.28904274
4 955 1175 1.4595457 0.07122713
6 852 966 1.2658999 0.61550754
5 85 208 1.582542 0.68615013
2 629 215 1.7385595 0.74905103
4 620 1728 1.537805 0.4209569
5 37 403 1.7499224 0.11879784
5 30 602 1.2529706 0.6843962
2 152 1790 1.5872604 0.31918377
8 646 940 1.5952398 0.029051423
5 230 1329 1.3476253 0.37163395
5 428 1527 1.2190785 0.71867746
1 568 356 1.8449305 -0.35292017
4 906 1256 1.4608383 0.34831625
8 64 221 1.3477798 -0.61288273
3 63 845 1.8406839 -0.24279523
5 921 1565 1.562084 -0.015202343
8 277 1612 1.627457 -0.34380364
4 753 287 1.3879063 -0.34313712
8 217 555 1.9334428 -0.19320089
9 313 1877 1.2952672 0.104335606
6 297 1004 1.7623321 0.34845966
9 116 1124 1.6194943 -0.6164726
0 152 792 1.4871786 -0.17581928
4 298 1632 1.8704561 0.12402326
3 794 1344 1.7347175 -0.30300045
3 941 1580 1.725463 0.13238513
6 747 92 1.5465432 0.7202795
0 239 1132 1.3774916 -0.13697445
5 912 214 1.562603 -0.24830061
8 932 1177 1.7415586 0.25623888
0 114 1326 1.8338828 -0.5536152
6 904 1839 1.6729916 -0.2583282
3 123 1216 1.6844634 0.27836365
2 851 1023 1.7752255 -0.63010335
0 194 1010 1.6859585 0.5427334
3 1008 1837 1.4547957 -0.42446283
9 59 103 1.4456935 0.5728745
9 146 289 1.828684 0.48218614
1 88 529 1.402248 0.6385636
3 634 165 1.3905768 0.3070386
6 883 811 1.7507114 0.72131044
7 93 99 1.5372101 0.72546667
4 476 341 1.427917 0.22928506
9 730 1875 1.674853 -0.28698754
4 337 1873 1.3708955 0.7389056
2 897 207 1.9736191 -0.4115441
6 376 70 1.736456 0.031162143
0 884 1530 1.6201298 0.74021786
1 801 1386 1.4732184 -0.0014641285
6 219 914 1.2898924 -0.6443224
1 208 129 1.3930236 0.40393704
4 840 256 1.6974982 -0.5995218
3 1011 527 1.5020515 0.384921
4 489 1591 1.3705387 -0.46539333
8 798 890 1.4203558 -0.40022472
3 65 1032 1.389509 0.053524554
1 137 636 1.8447748 -0.29293087
1 759 96 1.5999734 0.57083696
5 1015 161 1.2619402 0.54319924
4 114 1164 1.6532867 -0.12530285
9 715 637 1.9694505 -0.09379023
1 439 799 0.9552614 0.50450903
7 638 1706 1.6175674 0.46428877
0 183 1571 1.530725 0.42345768
8 214 1323 1.5207843 -0.28675443
6 780 1319 1.8515685 -0.10027838
0 309 101 1.5883738 0.48554033
7 776 1454 1.280327 0.09019542
4 880 1461 1.5312803 -0.122636735
1 880 381 1.6314864 0.43068284
4 240 879 1.6400962 -0.63446105
6 697 249 1.8121933 -0.39107963
1 56 581 1.3976561 0.37491053
8 194 1303 1.3996919 0.35333246
6 262 1602 1.5312756 0.40097624
2 185 225 1.677757 -0.5316118
6 355 272 1.6125079 -0.31130692
7 313 1034 1.5577487 -0.57717866
3 534 161 1.6149299 0.52804965
2 135 1351 1.7574309 -0.21574134
8 907 149 1.3191537 -0.09917951
2 671 1155 1.7612562 -0.18729854
2 746 1845 1.6900576 -0.46381134
9 871 1092 1.8353374 -0.002330184
5 451 1690 1.7382535 0.13961005
0 498 394 1.728336 0.6056666
6 1001 131 1.9510633 -0.08368415
1 659 820 1.1901172 0.048457384
9 776 722 1.5182697 -0.01491195
8 1011 1781 1.3807926 -0.29547182
9 250 1655 1.6690416 -0.49930206
4 973 1683 1.9518106 -0.20503491
3 586 114 1.9157574 0.445988
9 183 1369 1.5708739 -0.37602323
4 193 1229 1.3345915 -0.2805494
0 470 1697 1.8274035 -0.75403666
7 148 1351 1.5034453 -0.665759
1 225 1092 1.5797925 0.34377366
7 151 1009 1.8754711 0.62175566
8 718 1717 1.5263598 0.13605833
2 832 534 1.656059 -0.36788735
7 130 595 1.5928106 -0.13766599
8 882 1756 1.3467033 -0.28586683
4 289 511 1.7555566 -0.12107688
5 917 1437 1.9789875 -0.25155908
6 238 1461 1.9795833 0.02957058
3 386 704 1.1465234 0.3505022
3 991 1370 1.4810094 0.37990028
3 326 755 1.4383707 -0.74992144
2 739 538 1.495433 0.28456908
1 270 1136 1.7827737 0.36993164
1 962 1316 1.4670893 -0.09347975
3 737 1521 1.5871148 0.58979326
8 68 1681 1.7956365 -0.77596134
9 208 875 1.3935412 0.5138299
8 985 1023 1.4995321 0.5371768
2 1016 1510 1.3484421 0.57457465
8 891 1612 1.4101878 0.031122267
5 487 336 1.6535963 0.6586121
3 1001 175 1.5335304 0.74617964
1 336 222 1.766745 -0.25020516
9 833 1177 1.8380355 -0.7819129
4 86 1082 1.6589897 0.46916503
7 217 1389 1.6683495 -0.53510314
1 704 169 1.4005383 0.5747935
8 227 884 1.5951457 0.09658182
3 595 218 1.6229869 0.21833569
1 945 1617 1.7112489 -0.4371647
3 924 580 1.4677147 -0.56400836
3 327 1679 1.5351125 0.5993759
0 922 1130 1.4363045 -0.6138979
9 331 1257 1.6981347 -0.6857825
0 247 467 1.642436 0.51688224
6 971 1343 1.777959 -0.055168748
9 791 1627 1.6602483 -0.26948667
7 474 342 1.8150039 -0.555792
3 898 840 1.6550651 -0.6006571
1 296 941 1.5543097 -0.010703146
4 180 708 1.6752065 -0.10252863
7 631 1586 1.9130194 0.32864112
9 785 1552 1.642374 -0.7592744
8 51 405 1.3236363 0.34139138
4 738 532 1.5771977 -0.011338651
6 625 235 1.6955746 -0.5331496
0 884 1104 1.6137755 0.29933912
2 829 1866 1.6812925 -0.5506085
6 567 1698 1.9036782 -0.5192626
2 336 816 1.6036013 0.7233344
1 308 314 1.6702654 -0.11270827
5 182 567 1.806419 0.38929075
4 959 957 1.6766636 0.2641222
4 717 398 1.5134829 0.33100706
3 976 1301 1.7388743 0.5528706
7 991 249 1.5993867 0.2851196
2 970 1886 1.7453403 -0.0032170415
8 541 266 1.5524017 -0.6226596
1 390 506 1.6096147 -0.25514048
9 678 365 1.9095155 0.66057724
0 665 1094 1.7292066 -0.45643204
3 867 842 1.6322911 -0.6103429
4 935 1728 1.7182333 0.5698394
4 677 482 1.5877539 -0.15915424
6 698 915 1.5191853 -0.4305614
5 79 1343 1.2917099 0.45701796
8 177 1210 1.9567617 0.60203475
5 730 1791 1.5952423 -0.5935605
7 602 115 1.6399273 -0.07565218
6 945 830 1.9254276 0.7450816
2 763 1457 0.8550194 -0.6492896
0 869 218 1.7327019 0.7578381
4 335 252 1.5429589 0.58985096
0 732 643 1.4313387 0.7049964
7 844 736 1.7296546 -0.054136753
5 62 163 1.4321673 -0.10460281
0 498 1641 1.9264278 0.78068215
4 927 1124 1.5475484 0.6399941
8 199 1656 1.468306 0.7637705
1 793 592 1.5808054 -0.29877272
1 238 1179 1.5228459 0.11788601
8 84 1051 1.6125194 -0.52129143
3 727 442 1.3529992 -0.42117295
1 479 1553 1.4914026 -0.18754274
0 1006 128 1.4797676 0.009444296
4 1008 531 1.6897131 -0.06648588
6 1039 574 1.4552884 -0.66758275
3 630 357 1.6418437 0.71020836
6 169 494 1.4377877 -0.6315519
4 732 769 1.2768378 -0.085047245
0 406 883 1.4966664 0.38379782
7 761 899 1.7235677 0.6175414
1 671 534 1.3679444 0.23740286
8 697 860 1.9400257 0.5414719
3 861 740 1.6936729 -0.221852
0 1002 1490 1.5439391 -0.20265383
3 65 150 1.4815292 -0.60838866
2 269 55 1.2684027 -0.04091263
3 846 1683 1.5061795 -0.23681158
3 92 1348 1.3703977 0.42753094
1 228 498 1.6508175 0.15764123
1 651 793 0.84527993 0.11123985
2 593 1779 1.3829572 0.049117923
4 720 653 1.3340083 -0.16081566
5 946 838 1.6528343 0.3387398
4 60 1695 1.3338965 0.1303485
9 24 1814 1.3729997 -0.74801725
9 817 1472 1.6224538 0.5397751
8 385 124 1.6152931 0.6920926
0 325 1838 1.2693018 -0.084777355
8 976 1408 1.3639536 0.04883486
6 689 1077 1.8748689 -0.45027637
3 943 73 1.2441721 -0.11029458
8 178 275 1.3961906 0.12531269
6 126 926 1.4224862 0.44430906
2 179 955 1.7829396 -0.59190845
1 420 1812 1.8374761 -0.35284433
4 126 379 1.4094162 0.35417455
1 779 373 1.844292 0.14011836
0 369 825 1.6208336 0.42721432
0 65 1813 1.2818216 0.39840847
5 916 1456 1.7734714 -0.25396144
5 641 843 1.1599673 0.21922582
8 396 142 1.4972368 -0.56735206
4 601 348 1.5121046 -0.77183497
1 426 996 1.331932 0.6108337
5 318 605 1.4671068 0.08319199
8 338 192 1.4560868 -0.0690313
7 855 1065 1.5421759 0.36353678
4 49 699 1.5845659 0.6574525
1 106 557 1.3957174 -0.05117899
4 398 752 0.9390158 0.08605683
3 749 405 1.4236933 -0.26392192
3 924 1137 1.713326 0.14510453
1 92 703 1.4955028 -0.42614332
7 308 1175 1.9395511 -0.35145885
9 506 1884 1.416712 -0.752389
6 960 333 1.7937393 0.6091499
7 72 1437 1.473862 -0.6794338
1 373 142 1.8761272 -0.56120944
1 827 1193 1.9837005 0.23217899
4 170 1831 1.7289171 0.7747205
7 56 1228 1.4591259 -0.6684624
1 761 1825 1.4790342 -0.32453
2 828 174 1.6694336 0.26664287
5 708 1093 1.7226828 -0.3527978
3 345 757 1.716556 -0.2826547
5 76 167 1.3708196 0.6907107
1 183 1509 1.7767516 -0.6857505
6 660 1751 1.2896451 0.42095143
8 315 706 1.484418 -0.51569605
2 358 475 1.6649498 -0.18022722
1 375 687 1.2849721 -0.3728725
6 997 381 1.9413464 -0.0018494129
0 963 1866 1.4837732 -0.71506876
3 873 1555 1.4975414 -0.67264855
4 99 1169 1.657069 -0.36857438
3 855 1191 1.3490862 0.083094954
1 142 955 1.5875211 -0.3340614
5 841 1688 1.9677907 -0.27087927
0 168 1524 1.3834186 0.31932062
5 377 1536 1.5468321 -0.25925738
3 372 278 1.4482633 -0.09664363
0 227 1018 1.3800948 0.024486303
5 437 283 1.2872348 0.58251137
7 158 49 1.9078184 -0.7749306
6 910 416 1.3125157 -0.49179205
7 197 1191 1.3423874 0.27482706
1 321 1728 1.6120853 0.481628
6 938 1644 1.6222066 -0.7297772
2 800 113 1.5759327 0.3685692
2 776 1632 1.6576843 -0.67648816
7 160 643 1.4102685 -0.71289307
9 284 1471 1.5042601 0.4026124
6 886 1646 1.5217319 -0.7070633
7 895 1194 1.9708977 -0.080503404
6 87 337 1.6451523 -0.6536354
7 299 1118 1.7200214 0.15078527
3 635 322 1.6969497 -0.21003252
6 930 1781 1.6201469 0.39864916
6 667 1516 1.0462784 -0.72001356
1 435 277 1.5747766 0.025667429
0 654 1515 1.097565 -0.34886885
3 111 1095 1.3883821 -0.66421586
8 494 1732 1.4628805 0.09514934
3 678 225 1.4169637 0.251401
7 688 816 1.4817562 0.2460038
1 192 469 1.3223951 -0.4501168
5 777 1041 1.7709159 -0.52671945
4 946 341 1.2447573 0.48621148
0 51 959 1.5702257 -0.2885913
4 149 343 1.4112911 -0.350884
4 92 1093 1.2984487 0.55677
5 953 1262 1.9040791 -0.698861
8 1019 931 1.4911069 -0.092740476
3 88 1120 1.6463859 -0.6314724
8 359 819 1.4808921 0.1859085
6 318 1694 1.9490354 -0.05293405
0 459 500 1.2017499 -0.40326217
9 297 1129 1.6386704 0.49904484
2 36 702 1.6298705 -0.25100452
5 572 1659 1.5495224 -0.53553474
1 202 131 1.4898102 0.06598234
2 796 108 1.380598 0.7242033
0 353 1231 1.4128462 0.013504624
5 148 1029 1.3043053 -0.0999195
8 420 1655 1.6226665 -0.3726805
8 91 178 1.6302339 -0.21250796
7 285 1005 1.3820662 0.7404825
0 30 1826 1.3667009 0.7650148
4 157 973 1.3793752 -0.25194043
2 746 689 1.3325127 -0.4086192
2 288 1188 1.5837412 -0.07781917
9 68 642 1.805746 -0.09044176
7 803 968 1.7364565 0.20673162
6 115 1236 1.3208741 0.5927301
5 728 539 1.7436374 0.77477294
1 801 1728 1.288728 0.23833388
4 305 173 1.8051059 0.08798659
0 188 1363 1.6845367 -0.59832835
2 226 984 1.6188779 0.43975693
3 924 876 1.2614797 0.28960532
8 840 866 1.477732 0.35079437
8 412 384 1.8427076 -0.05989194
8 777 1709 1.5979499 0.27316993
5 680 822 1.7854334 0.38506466
4 910 507 1.7170314 -0.440125
1 978 421 1.637764 0.64473087
5 785 861 1.7429805 -0.38061142
3 438 942 1.1121603 -0.24894202
1 682 1579 1.4896617 -0.1900025
6 676 1521 1.2589794 -0.30576262
2 998 1272 1.6091691 -0.32025737
1 822 835 1.4532461 0.39579445
2 153 1431 1.78779 0.09468222
3 610 124 1.9584366 0.6577769
5 52 757 1.4400163 -0.7081617
4 58 1227 1.6732668 0.53043896
0 777 903 1.5601708 -0.7256191
8 1020 85 1.7655814 -0.16494322
7 181 767 1.5661513 0.703646
0 74 299 1.8005083 -0.17745775
3 378 1544 1.5159267 -0.44154942
7 282 1809 1.8811357 0.031223238
0 780 1166 1.2958403 0.7225854
6 277 107 1.7863262 -0.3733058
5 263 1745 1.577698 0.0018087626
0 311 1394 1.2671326 0.2561471
5 588 251 1.3641324 -0.12994385
4 528 259 1.5351139 -0.20104456
0 1019 863 1.3587712 -0.41588858
5 1015 1206 1.8634514 -0.26750886
1 711 948 1.7545468 -0.23698682
1 318 840 1.7611755 0.3419507
6 765 828 1.657459 -0.47836018
4 881 1323 1.7222495 -0.059973717
2 222 1369 1.6427755 0.3275146
5 384 469 1.5296019 -0.3223147
6 167 117 1.6147637 0.43893737
9 306 1138 1.9539063 0.0958367
5 456 1699 1.6016843 -0.32677856
8 820 960 1.9933327 0.1808182
9 800 1591 1.4301126 0.06554896
8 807 411 1.5778567 0.6051939
8 291 1481 1.408819 0.23354155
5 746 1596 1.881154 0.24144107
9 289 989 1.5117341 -0.6261075
6 108 1274 1.6968144 -0.59844315
5 411 1835 1.7488953 -0.08740497
2 890 724 1.6640377 0.6706731
0 115 1368 1.7186117 -0.11335188
3 1026 141 1.4831738 0.29112417
3 522 1828 1.3174467 0.6176012
5 426 1746 1.2626108 -0.3746913
7 857 896 1.5313781 -0.7368001
2 887 1462 1.3695756 -0.774517
7 96 818 1.8011612 0.44853765
1 118 110 1.803378 0.43970913
3 163 1580 1.7435911 0.20478177
9 385 1583 1.6241808 -0.6742703
4 157 194 1.9071679 -0.005031228
4 1033 31 1.6125816 -0.40158108
2 257 263 1.8797975 0.21401483
5 211 82 1.4767103 -0.4348992
5 146 88 1.4020861 -0.04901105
0 63 212 1.4321791 0.5732207
4 296 1778 1.6806903 -0.11816126
3 829 1338 1.7059134 -0.06264162
2 926 416 1.3212883 -0.6987838
6 471 1658 1.8229771 -0.43408838
1 394 882 1.522688 -0.574133
4 434 1024 1.0256892 0.0125409365
8 76 470 1.5468867 0.03183949
6 450 244 1.3213162 0.15531904
3 55 597 1.6837372 -0.072806716
9 520 1744 1.7065086 0.07274717
3 951 567 1.7272731 0.46906048
2 234 256 1.7513812 -0.4098029
7 1001 1450 1.6117243 -0.37317425
8 386 864 1.7257496 0.49051362
3 180 954 1.5243031 -0.19766563
4 969 578 1.5200907 0.11005169
5 753 1519 1.5222964 -0.6023072
7 189 1761 1.6463774 -0.055125654
1 433 1819 1.5104103 0.26188248
3 199 354 1.5026491 -0.6679671
5 779 1855 1.7951056 0.73591524
4 227 676 1.7536662 -0.030229926
6 677 757 1.3103361 0.06148225
8 74 1524 1.5622009 0.46511823
8 766 1168 1.3026923 0.7180994
0 404 1857 1.5592428 -0.52473855
5 898 1385 1.6468661 -0.44653505
2 151 1229 1.7153482 0.38085395
1 937 216 1.5440683 -0.6887038
3 1019 1682 1.5963713 -0.40328193
3 673 583 1.2770034 0.03493184
5 215 1159 1.988133 -0.70876986
4 789 1247 1.6406376 -0.34639138
6 779 1725 1.5823218 -0.61104804
9 910 674 1.5324845 0.15876204
4 787 245 1.8194128 -0.10065675
7 128 370 1.6675813 0.36841148
9 198 526 1.7348782 0.545793
0 735 1103 1.7618469 0.72791606
4 984 729 1.5402657 0.6318374
2 154 504 1.6173174 0.6298534
5 1022 344 1.4029994 0.47210747
1 556 252 1.3216257 -0.102265775
7 145 888 1.8124889 -0.029205203
9 697 58 1.591864 0.5729967
5 618 1680 1.4625173 0.1961531
5 765 1473 1.0206467 -0.42863587
7 988 1158 1.5114775 0.13556826
9 130 642 1.6282176 0.541323
9 587 1658 1.6349562 -0.39649817
7 444 347 1.2821816 0.00512439
6 853 1523 1.7439593 -0.62535006
1 330 1089 1.706251 0.041789293
2 980 1622 1.4635229 0.27078623
2 51 401 1.5603366 0.17428124
0 525 1769 1.7140402 -0.6192088
8 393 1825 1.6432158 0.20172691
3 943 1057 1.3131616 0.31010717
9 839 1267 1.4919784 -0.5181175
6 177 603 1.354793 -0.7643508
3 961 310 1.9859151 -0.3258481
2 353 229 1.7064599 0.20796329
1 719 1771 1.435853 -0.70920724
2 705 1036 1.5349687 -0.30478796
3 769 1850 1.395207 0.41704482
9 460 426 1.6364226 0.62383944
8 462 1628 1.7306709 -0.36464778
5 703 897 1.6492064 -0.1670292
1 852 618 1.5635067 -0.39782926
9 171 1472 1.732953 -0.45388296
5 790 1109 1.9799222 -0.49324673
3 185 1758 1.659536 0.7162922
2 754 189 1.6778178 -0.15931952
0 892 334 1.7101302 0.78355604
8 836 145 1.3582145 0.4734996
9 159 1636 1.726644 -0.77566504
6 98 1498 1.7470013 -0.6421658
3 885 1588 1.8810785 0.25613993
9 827 629 1.5041076 0.741072
7 732 955 1.9977674 0.26655132
0 298 1446 1.670689 -0.5425251
2 817 1165 1.3261638 0.1753
1 428 497 1.4814094 -0.23510158
2 256 1755 1.4646517 -0.23178393
9 642 908 1.1819911 0.61858183
1 63 364 1.4691389 0.3420158
8 777 788 1.7245952 0.40368026
7 255 144 1.9406955 0.78070885
1 303 678 1.8621578 -0.26831633
7 207 1787 1.6554761 -0.2379952
3 320 813 1.7389282 0.2060985
4 860 883 1.3489141 -0.17020643
3 317 1523 1.5312619 0.29726726
0 338 1512 1.4122701 0.18213665
7 783 901 1.7103325 0.6175049
4 866 552 1.6394643 -0.49553546
6 980 293 1.361412 0.36201555
6 190 751 1.6774732 -0.6570101
7 611 89 1.752201 -0.60039884
3 973 415 1.7594905 -0.13051909
5 925 842 1.3011024 0.19856822
8 844 523 1.6015576 0.07847065
2 427 1826 1.7104087 0.31968766
5 720 1812 1.64286 0.05051452
5 924 1246 1.9516089 -0.43282893
2 298 293 1.7464195 -0.54932404
3 347 89 1.738971 -0.4628452
7 123 1302 1.4411242 -0.13310832
2 813 204 1.591092 -0.1147604
0 209 1869 1.3788818 0.30057603
6 937 485 1.5610348 0.16505861
4 919 1040 1.5166433 0.6337952
6 1039 66 1.5297488 0.26588553
6 531 1649 1.7171396 0.37207776
1 939 261 1.6651658 -0.16129643
7 706 1057 1.8964111 0.30378073
1 244 1566 1.6132265 0.20770955
7 414 1517 1.1644685 -0.43199828
2 123 440 1.570917 0.41424602
4 323 152 1.4941288 -0.76487255
6 723 961 1.8077039 0.26031
2 998 1216 1.3137473 0.29409593
7 272 1867 1.503452 -0.5332006
2 669 577 1.4236842 -0.5044813
6 392 932 1.5454375 -0.22476423
6 371 914 1.7247021 -0.30320182
0 261 799 1.3493747 0.6485937
3 949 1204 1.4508674 -0.16783047
1 370 375 1.5974114 -0.18200183
8 689 1502 0.9116855 -0.48731455
8 152 1005 1.6881189 0.45529515
0 994 347 1.8797444 -0.645412
1 1001 1153 1.4772997 -0.19405413
1 799 1000 1.6764328 -0.58961725
4 115 1148 1.7106751 -0.010615587
4 908 351 1.3785868 -0.6096427
3 890 118 1.7000723 -0.7585084
2 567 363 1.5643378 -0.38129273
6 208 1009 1.6432419 0.50839454
2 974 1058 1.6222343 -0.6422413
7 248 816 1.8391892 0.058303714
3 906 550 1.3550117 0.40127772
6 487 97 1.4974391 0.22096688
8 225 223 1.6860597 -0.1259411
4 185 1019 1.4173018 0.49054998
5 276 954 1.4340928 -0.19146824
6 1044 141 1.7930491 -0.13613105
5 736 632 1.4734328 -0.7852765
9 962 1561 1.8645192 -0.5168272
6 162 1081 1.684459 0.6721001
0 805 1106 1.2554898 -0.15484172
4 291 787 1.5333705 -0.47689763
7 275 494 1.4135177 0.22676784
5 810 1506 1.4079707 0.5146262
9 278 522 1.7292078 0.2855075
2 665 1507 1.0579526 -0.31009838
0 670 554 1.4720066 -0.15676773
2 107 1044 1.5621294 -0.10119575
7 943 245 1.5142204 -0.1920169
2 307 138 1.556282 0.16258883
8 725 455 1.6138883 -0.6781817
7 148 811 1.6567456 0.013210475
6 269 774 1.7337447 0.6095651
2 841 1640 1.4950256 0.4898122
7 758 1714 1.4025407 0.3595826
6 928 1498 1.6801437 -0.42645267
1 228 1096 1.5697742 0.26576728
7 339 1826 1.5627034 -0.70521
0 725 329 1.6055346 0.7742911
6 129 854 1.2955785 0.41390008
5 345 747 1.2211953 0.19005275
6 170 84 1.8079529 -0.45764133
9 425 299 1.6663611 0.5357221
1 375 771 1.5328486 0.4149447
4 715 1800 1.6839894 0.023451746
8 436 552 1.0661957 0.038708925
1 86 133 1.41229 -0.047151864
7 691 750 1.443825 -0.13127136
7 783 1566 1.5673344 0.6379023
8 400 1647 1.8917409 0.4214719
7 922 1303 1.3087313 -0.22343391
4 824 1027 1.3156776 -0.74999183
7 251 1065 1.7853032 -0.5795169
1 357 112 1.7498827 0.37745756
5 270 811 1.663745 -0.51242757
9 795 807 1.4481668 -0.12330365
8 762 1739 1.5708115 0.6746041
3 389 911 1.4106399 -0.057045937
0 816 1719 1.6622323 0.13711458
7 308 761 1.7111181 -0.744702
5 389 1094 1.4731565 0.5568753
7 839 830 1.337215 0.7022162
9 879 552 1.5324486 -0.697153
0 972 1271 1.4549613 -0.3605752
0 361 1791 1.7227004 -0.6474835
4 746 269 1.9709051 -0.6961523
6 238 1266 1.7156787 -0.16153985
6 853 1557 1.4443544 0.40382296
0 840 1150 1.8938241 0.650981
9 755 1409 0.8662878 -0.07965785
1 688 351 1.8927794 -0.30011767
8 583 1739 1.8904457 -0.45201418
4 240 897 1.6755056 0.17590398
8 899 986 1.3324869 0.088810384
0 885 630 1.435637 -0.16460323
6 71 922 1.7608315 -0.15249741
3 793 1699 1.5522472 0.10981548
3 363 668 1.4731799 0.7144595
4 844 1541 1.7664566 0.13156676
7 581 348 1.6079223 -0.5643312
3 841 939 1.4937791 -0.7573065
9 52 1121 1.7300912 0.42349488
4 743 550 1.4675113 0.5514614
5 1009 1342 1.332549 -0.26666176
9 893 244 1.8362705 0.26311165
0 432 1634 1.3424435 -0.28376925
0 296 459 1.5350178 0.738511
7 589 1644 1.58356 0.48719496
6 546 425 0.7839123 -0.7136578
2 880 229 1.4587822 0.14518929
1 987 661 1.3899274 0.24167532
4 740 1601 1.5870951 -0.57713866
0 836 1061 1.6076564 -0.17612231
4 55 553 1.4756279 -0.5816701
4 370 1029 1.2792538 -0.15927964
3 157 423 1.8095961 -0.4120203
5 379 1315 0.7359748 0.25660235
1 954 281 1.7721072 -0.10399276
0 108 1376 1.999463 0.5725989
5 102 106 1.5858717 -0.1158734
8 540 1644 1.4922533 0.5273668
4 874 1720 1.8356324 0.16524816
8 699 203 1.9962667 -0.65436494
0 183 1737 1.8235685 0.4180531
3 540 1665 1.4231663 -0.28958952
1 321 1201 1.5606122 -0.47347727
1 882 1206 1.5835949 -0.4278387
2 605 1132 0.96246886 0.4795856
8 786 892 1.8890654 0.1775111
2 771 672 1.6587769 0.62613744
8 854 786 1.3897597 0.7690745
7 308 1860 1.2796533 0.06698656
5 593 137 1.5550159 -0.7840766
8 891 1418 1.6288437 0.49134117
8 845 1255 1.6043261 -0.23873782
0 233 1449 1.7016977 0.16959411
6 896 1272 1.9825382 0.10970247
5 828 1031 1.7989256 -0.6281492
3 626 1793 1.6572052 0.26420015
8 829 362 1.5637301 -0.35458383
2 689 1515 1.2384983 0.22157532
0 485 199 1.5760295 -0.54039323
0 50 766 1.6982287 0.6222982
5 325 693 1.5918907 0.7516251
3 155 955 1.9053625 -0.4551152
7 119 1345 1.700807 0.62589616
9 188 772 1.8547478 -0.39336216
9 292 947 1.8356528 0.37587112
8 296 1026 1.5089396 0.6960798
2 1017 57 1.5395548 -0.22172654
2 351 1083 1.4473379 -0.4768335
1 862 267 1.4548709 0.03550917
8 865 1336 1.8494924 -0.52339613
8 325 1266 1.9993424 -0.12509
8 875 1759 1.5020083 0.3984837
8 680 1556 1.4740218 0.5325797
1 600 315 1.6910071 -0.15717441
7 987 1521 1.790575 0.18772644
2 151 1852 1.3449532 -0.7646033
4 959 1403 1.6154267 -0.0813598
0 659 1634 1.7025329 -0.21658236
8 856 916 1.9105937 0.55598515
8 648 1557 1.4902073 0.045602858
1 879 1054 1.3955357 -0.23205113
0 835 1806 1.5874572 -0.32385832
3 601 1786 1.5618677 -0.5537096
9 471 1622 1.8041148 -0.69468826
7 846 1645 1.4059325 0.4943748
2 825 1186 1.5255517 -0.23616254
9 734 121 1.6372743 0.7268451
6 423 130 1.6499556 -0.05531776
3 243 64 1.4815278 0.38395613
2 430 1731 1.4378654 0.2833237
0 83 464 1.4496782 0.66726524
7 255 859 1.4607545 0.16718245
1 242 1210 1.8824548 0.7327842
5 754 1828 1.3060008 0.5689536
4 556 1632 1.5322597 -0.47679454
0 906 842 1.4459249 0.53085357
7 486 140 1.5869263 0.28400093
2 264 1496 1.517368 -0.6686193
9 875 1702 1.6941545 -0.40043575
0 682 1501 1.010608 0.31528634
9 861 284 1.944202 -0.68926805
0 435 969 1.1119378 0.48861974
3 668 129 1.670086 -0.67933464
5 239 1731 1.8027558 -0.1794824
8 695 1764 1.6561251 -0.5022813
8 375 689 1.7101567 -0.25844443
9 1027 523 1.4359251 0.41699213
9 500 162 1.4833517 -0.14541847
8 281 1355 1.4771708 -0.5966428
3 93 1564 1.6663659 0.38929445
8 147 1529 1.7553401 0.017725527
0 751 195 1.6854424 -0.043259144
2 217 1741 1.9281055 -0.38432014
5 129 171 1.6566588 0.5628142
4 161 665 1.8391976 -0.5997615
4 320 137 1.3836601 -0.17704523
2 527 1763 1.473704 -0.64800704
2 78 369 1.6751463 0.15356892
1 649 293 1.5911971 0.6391565
4 929 528 1.7657303 0.4932055
4 1013 1707 1.5128638 0.55428404
9 847 1602 1.6211404 -0.60302514
6 131 761 1.5077983 0.5614876
9 874 542 1.8273842 0.042445898
5 478 1583 1.8089378 0.41942722
4 256 301 1.5467075 0.110743046
5 888 82 1.4929129 -0.7805935
3 801 963 1.7618804 -0.4945269
8 986 1583 1.6926396 -0.5038856
5 107 321 1.6585948 -0.105056345
4 502 1850 1.4958378 -0.7240839
2 930 59 1.4141613 0.7036603
8 864 450 1.5652238 0.24521202
3 868 526 1.6874158 -0.4178846
3 651 444 1.8636005 0.2448718
7 298 1192 1.8672539 -0.11282897
0 923 239 1.442558 -0.45971826
2 1022 1764 1.6709896 -0.24088585
3 705 81 1.3419929 0.15066159
9 884 1368 1.2709692 0.5852118
2 336 1643 1.4793036 0.5875768
0 100 1662 1.6983173 -0.28885213
1 879 69 1.452728 -0.13680291
6 466 239 1.8669279 -0.32780415
1 1043 939 1.8101348 -0.40622273
3 807 1473 1.4487774 -0.06040144
4 382 952 1.4993103 -0.18963408
1 360 703 1.5740155 -0.51598597
7 621 288 1.6561906 0.40019995
1 827 684 1.5668268 0.0117634535
7 956 558 1.4166338 0.65867215
0 433 1661 1.5060277 0.3865016
5 742 688 1.7160815 0.76116174
9 504 340 1.8330365 -0.72960186
6 666 952 1.4404593 -0.20769775
9 796 1872 1.5220889 0.26392335
3 222 1088 1.4152936 0.24141365
4 204 314 1.7624276 -0.6076368
0 731 975 1.4839028 0.002257049
1 828 461 1.4109862 0.6441006
3 720 1585 1.9646128 0.30342633
6 948 745 1.4938991 -0.72653353
6 134 1220 1.8475502 -0.30940658
8 481 261 1.332265 0.73023957
6 91 1680 1.3528006 0.74314636
2 155 1058 1.8389828 0.763323
5 693 1616 1.9078903 0.63490695
8 129 1761 1.7242053 0.049634278
4 277 202 1.5983287 0.3375941
8 669 155 1.5805281 0.2347402
3 576 297 1.6053839 -0.26692814
6 315 1038 1.774755 -0.56433034
1 1000 724 1.4270259 -0.6368345
7 664 818 1.2705282 -0.43061662
8 737 985 1.3860708 -0.56852376
0 265 1882 1.3906024 0.3934459
4 448 1626 1.5964925 -0.4904385
5 100 1318 1.4716444 -0.38377973
0 73 915 1.336478 -0.53988487
6 327 628 1.5062973 -0.47102013
4 304 612 1.8080218 -0.33672097
5 892 726 1.6410403 0.64168936
8 64 1027 1.4421945 -0.5907315
0 831 1514 1.6215228 -0.120571434
8 353 75 1.5359946 -0.6448544
9 133 1377 1.3817096 0.7657284
9 228 1842 1.610323 0.5612375
7 912 891 1.4780842 -0.23546398
0 171 677 1.937104 -0.33423442
3 509 404 1.1370718 -0.14086467
9 286 1336 1.7000151 0.6119816
9 151 1612 1.6119657 0.17545104
0 215 1059 1.9142492 0.7538679
2 134 905 1.6117628 -0.3241014
7 978 687 1.3771544 0.6885639
6 749 593 1.4172587 0.711484
9 855 1274 1.5685395 0.033397853
1 825 99 1.7809023 -0.10073632
1 165 474 1.8562957 -0.6656859
5 219 176 1.6496525 0.3566193
3 651 1676 1.4878235 0.12148577
1 857 993 1.3674698 0.49890643
3 923 803 1.5196056 0.693319
2 219 1483 1.2957182 0.094679415
9 620 1637 1.5713323 -0.35570538
1 395 1015 1.539734 -0.7332993
6 430 277 1.6891056 0.06839764
7 811 954 1.4043416 0.50630516
0 124 1391 1.5131891 -0.18971854
9 621 100 1.6536567 0.011433601
4 767 776 1.5572048 0.024456978
4 728 573 1.83669 0.76645106
1 785 167 1.3966025 0.016438782
5 110 1837 1.451679 0.52610654
3 202 1271 1.3595192 0.2808935
8 402 1567 1.9764904 -0.36986315
2 57 1365 1.3768028 0.27607578
9 933 1601 1.7326803 -0.69962776
4 232 1224 1.4440176 0.53978163
5 619 1725 1.5534077 0.13583976
8 302 595 1.9795655 0.74829847
8 984 374 1.3943963 0.435674
7 882 1641 1.5960232 -0.7769114
1 693 567 1.4468192 0.21093404
5 336 917 1.4987043 -0.5266204
0 267 1029 1.8177906 -0.369078
2 830 545 1.6073694 -0.7236297
4 783 1034 1.2531143 0.05796659
2 1012 696 1.8285004 -0.09088576
3 573 1667 1.9649298 0.5239125
3 303 608 1.5361739 0.6424168
8 391 553 1.40379 -0.19573617
5 937 1061 1.7701283 0.74512154
7 481 1805 1.6492866 -0.37682608
7 1003 1110 1.5033005 0.3301677
5 347 1671 1.6180224 -0.055652797
0 368 456 1.6761672 -0.6597783
5 708 467 1.6362267 0.65947837
0 196 1398 1.8949735 0.12911618
6 466 1573 1.5410385 -0.7239963
6 421 874 1.3668299 0.22496241
5 349 1669 1.729607 -0.45379597
0 295 1412 1.4113123 -0.61405647
1 351 197 1.8706241 -0.74137974
0 234 298 1.6273175 0.7210384
9 86 1356 1.5566529 -0.3849558
8 295 171 1.9552367 -0.5330639
3 153 859 1.3389068 0.6601847
6 840 797 1.5350943 -0.25757396
8 56 246 1.4785844 0.3908475
5 295 1493 1.8617207 -0.5018197
6 258 1023 1.4704287 0.32876807
1 247 560 1.3694179 0.4029563
9 74 382 1.7217119 0.44218737
8 995 182 1.6090747 0.050346494
7 73 1601 1.8060517 -0.54447633
8 291 1090 1.6431725 0.6807429
0 973 1116 1.2858295 -0.6163465
6 224 709 1.727277 -0.25509977
5 924 1777 1.8517079 0.41636604
6 325 367 1.2379463 0.11739951
4 812 559 1.6187885 -0.27837586
3 70 1464 1.7080144 0.16361517
6 154 625 1.6145169 0.65967435
6 905 1377 1.4316399 -0.7699953
0 203 905 1.5369768 0.4496141
6 964 1738 1.7677586 0.3136136
8 224 1817 1.4212186 -0.20935935
0 99 1659 1.5226936 0.27821773
5 976 1404 1.7049044 -0.10862219
9 527 1860 1.620775 -0.47448656
5 815 830 1.8203557 0.4179985
6 458 1648 1.323404 0.41017288
9 240 1738 1.9581325 -0.5247394
5 206 1644 1.7136568 0.19610518
4 297 1391 0.92217785 -0.3353553
2 67 522 1.5653304 -0.20328867
8 102 1494 1.5193917 0.39374906
7 291 1697 1.9723653 0.32273012
1 915 590 1.9345597 -0.59608704
8 1006 1736 1.5450846 -0.29624695
2 1030 1433 1.5304729 -0.7563088
8 990 1795 1.7719219 -0.64296025
1 878 1781 1.9053018 0.022328377
6 837 1578 1.6597791 -0.34959063
8 633 1559 1.6770592 -0.37792602
7 876 1829 1.8193997 0.31453198
6 233 511 1.4658302 -0.10663235
7 168 1091 1.8056388 0.00877285
2 250 1817 1.377665 -0.3980949
3 889 730 1.4947163 -0.5745854
5 164 1665 1.2357581 0.27574772
4 432 890 0.79553175 -0.19635439
8 292 38 1.7178793 -0.4146615
2 484 1559 1.4556834 -0.36193117
8 172 1355 1.5268198 -0.66175336
4 440 1687 1.5983139 0.53992337
6 564 326 1.7816732 0.29016584
1 837 239 1.8632386 0.48745054
4 316 326 1.9677345 -0.013500333
6 646 1652 1.5058252 0.04766828
4 216 349 1.9616333 -0.37597483
3 248 1354 1.8108273 0.42661124
3 473 1713 1.4039733 -0.62609047
1 338 50 1.6219107 0.273122
8 47 1162 1.5722191 0.20834231
2 753 684 1.3328216 0.19496769
6 636 829 0.74613696 -0.7117411
1 281 1468 1.3793833 0.6213682
4 158 879 1.882421 -0.3905924
5 371 432 1.7965677 -0.34045902
6 93 441 1.6902835 -0.25326663
3 688 1796 1.3055624 -0.3615903
1 244 620 1.6383228 0.12726599
1 842 1754 1.5315695 0.3047678
7 515 367 1.5648448 0.0021328926
2 724 764 1.688666 -0.46657398
3 127 610 1.5753812 0.62220997
3 339 497 1.4586897 -0.7743196
8 1034 496 1.3246431 -0.41780353
0 193 1487 1.7516241 -0.4931228
5 907 1264 1.8992974 0.216286
7 193 1394 1.5207156 0.69953185
9 413 615 0.7855684 0.73205477
8 29 616 1.3692448 0.6939098
2 973 1179 1.5168539 -0.15883136
2 257 1361 1.5655559 -0.36809435
5 471 1779 1.7384889 0.62633055
4 737 1246 1.1898805 -0.62288976
6 769 294 1.8747535 -0.6698893
6 736 300 1.4964828 -0.7071987
8 1016 365 1.9240208 -0.06004715
4 854 541 1.735815 -0.16736853
0 277 125 1.4536815 -2.7817488E-4
6 231 596 1.7211703 0.03800845
2 979 1733 1.5303115 0.746473
6 708 487 1.7365077 0.16696095
0 175 1336 1.7683791 -0.6226002
4 176 1209 1.7611351 -0.058531523
5 404 542 1.5562544 -0.77794445
3 786 446 1.6319029 0.023917794
3 389 203 1.4858339 -0.7503545
9 86 645 1.5062194 -0.61569977
0 300 1852 1.5041137 -0.17274785
6 300 723 1.4516652 -0.16766989
9 795 1037 1.3536966 0.486708
6 265 1638 1.6188165 -0.55484015
9 347 956 1.7781085 0.7416114
5 346 1573 1.8187268 -0.70987976
6 325 1105 1.9065801 -0.30328366
8 1036 570 1.4611902 -0.0714553
6 611 266 1.6971073 -0.536398
3 958 744 1.901517 0.50693303
3 964 793 1.4853184 -0.66583645
6 646 1780 1.6881933 0.21030796
2 803 1254 1.8728775 0.06215608
7 802 1788 1.3394371 -0.44151393
4 969 1385 1.6560695 0.101522505
8 72 1346 1.5692892 -0.7039827
7 324 1270 1.9475434 -0.5507996
6 51 571 1.253064 -0.531922
4 922 210 1.8597124 0.6927087
4 904 914 1.7397189 0.006854534
9 558 323 1.8460462 0.56712526
3 459 252 1.4344007 0.46200424
5 183 1613 1.6694075 0.6172338
0 169 495 1.5759226 0.4980902
2 793 527 1.6045413 -0.44742188
8 380 1029 1.722972 0.0273332
1 866 167 1.4134014 -0.35581642
1 962 1588 1.3783816 -0.06960136
8 373 991 1.6192893 -0.22866511
4 408 1853 1.7449584 -0.75386703
2 981 1820 1.6859388 -0.05702561
0 409 887 1.9186435 -0.38454008
9 433 418 1.6946203 0.3730064
4 666 898 1.0832729 -0.7358103
9 151 88 1.6302079 -0.5894532
6 729 697 1.5956795 -0.021797895
5 669 1507 1.0218884 0.0064486265
9 704 512 1.9644957 -0.05275458
3 156 1376 1.729862 -0.16823888
4 117 1298 1.3938035 0.6143468
2 785 175 1.724961 -0.14083934
9 831 1390 1.5149611 -0.5879229
4 989 661 1.41893 0.5006555
2 203 1493 1.7011169 0.4484381
3 790 955 1.9794586 0.3175233
0 864 653 1.9913113 -0.7063037
0 385 1805 1.4853333 0.75205296
7 662 838 1.7057697 0.33569032
2 427 1631 1.9719622 0.60390633
9 254 131 1.3983481 0.32390088
8 987 701 1.7553475 0.6894675
0 257 532 1.9535632 0.27324432
6 449 1520 1.1626669 0.011384845
7 642 825 0.99720216 -0.663481
1 119 1825 1.5590516 -0.40303978
8 182 1370 1.5058831 -0.41201344
3 576 133 1.5275145 0.4228652
1 809 464 1.7278328 -0.20751089
9 149 1650 1.3996313 0.09583515
1 191 1815 1.5050523 0.502099
0 678 255 1.8642836 -0.5161978
5 273 887 1.8228021 0.24499518
6 901 1247 1.6549327 -0.38254115
8 712 638 1.5617704 0.07783419
1 956 574 1.6666692 -0.5933593
2 675 994 1.7154049 -0.15447968
4 860 737 1.4221399 -0.28318405
3 259 351 1.6955376 0.4639545
8 757 996 1.39137 -0.53700584
7 688 1062 1.7018912 -0.017861724
3 668 463 1.4406198 -0.49279442
1 345 1814 1.573006 0.69632405
4 814 1603 1.4374563 -0.4289686
6 980 1706 1.721398 0.18316925
9 631 1688 1.9339072 -0.46967208
2 179 1579 1.3334482 0.6638072
5 1029 1441 1.4272456 -0.57976097
6 318 1017 1.5522714 0.4086836
4 349 210 1.5554808 0.4386577
6 175 865 1.5265567 -0.070239246
4 926 984 1.7649406 0.13118708
8 347 1585 1.46855 -0.22718203
5 206 1208 1.4425199 -0.34119642
0 886 1101 1.701519 -0.7173512
6 855 1801 1.9101181 0.5879542
6 219 814 1.4723778 -0.087531686
4 170 368 1.7641087 -0.17705268
3 663 1018 1.5775832 -0.43679234
4 215 580 1.9935551 -0.4695348
3 785 723 1.7260827 -0.42059892
8 327 1312 1.6856326 0.39717227
2 88 774 1.7939065 -0.17712647
6 68 642 1.557359 0.7736904
3 999 726 1.5270976 -0.075059
2 312 947 1.5429478 0.36377662
6 155 443 1.7325256 0.57692224
0 680 334 1.4983193 0.36555535
0 738 458 1.4764949 -0.21695155
9 230 1405 1.3182098 -0.5511097
2 932 764 1.4762152 -0.17021483
2 580 1762 1.4056638 -0.08469635
6 691 1791 1.6813525 -0.74825984
4 756 671 1.41438 -0.40233544
6 685 562 1.6712973 -0.09399909
7 786 501 1.7882016 -0.30048892
1 135 1083 1.3455011 -0.67757046
4 931 1671 1.462135 0.63132197
9 432 1077 1.2957425 -0.025292039
2 909 252 1.9484782 -0.5540233
1 420 1661 1.4815965 0.29728466
1 968 302 1.6803521 -0.14821601
1 132 951 1.5338326 -0.13053638
3 245 1508 1.5563875 -0.28365707
8 714 1154 1.5926434 -0.24363965
7 945 1732 1.6243193 0.22357923
9 819 1234 1.5968207 0.34444278
2 923 791 1.3226478 -0.24409318
6 252 517 1.4986562 -0.35690567
8 248 120 1.8630788 -0.62281007
2 205 1327 1.4676267 0.5905047
0 959 854 1.795119 0.37383848
6 964 403 1.725982 0.24959785
9 952 1748 1.4979035 0.37258643
1 309 447 1.7343007 0.22022659
0 905 559 1.8833929 0.2227121
0 755 1815 1.6290427 0.7626218
9 63 963 1.4829081 -0.18170649
3 234 1410 1.6735817 0.24662703
7 724 762 1.4715663 0.2891987
5 1007 1703 1.7538875 -0.52243614
6 121 786 1.4826483 -0.41713154
8 355 1774 1.9131975 0.2620576
2 202 1629 1.4406399 0.66630644
8 341 1087 1.6805998 0.20940113
8 987 979 1.7423569 -0.42397043
1 272 1425 1.5141903 -0.09070057
6 954 436 1.5384234 0.36654156
5 325 251 1.5273161 -0.5305917
6 229 1479 1.5365928 -0.021671236
8 196 204 1.7983489 0.20773745
9 853 1426 1.7335287 0.53299886
6 838 609 1.893862 0.28090483
2 906 1631 1.457253 -0.71927315
2 448 830 0.8959423 -0.23438412
8 139 1459 1.4383492 -0.55835426
0 131 1843 1.5342453 -0.6028317
2 513 1767 1.5393825 -0.7535055
0 693 540 1.9484346 0.09762287
7 781 1357 1.5501462 0.3267123
8 920 543 1.7910004 -0.5601617
3 293 736 1.3750558 0.14769423
1 154 1623 1.6246852 0.05940795
8 710 627 1.4833881 -0.06314826
1 95 1483 1.6557759 -0.5576532
3 526 1637 1.5897098 0.2698385
5 833 172 1.4879898 0.31527287
4 481 73 1.2406497 -0.108949125
9 948 1447 1.5145731 -0.584342
6 767 898 1.737667 -0.3452015
4 771 1156 1.8863512 -0.17778325
6 374 1038 1.6488286 0.31332248
5 28 1559 1.6556946 -0.016347528
3 855 434 1.5193504 -0.65762687
0 421 172 1.8636818 0.22708791
4 141 630 1.8630866 -0.20271504
9 294 140 1.7238913 0.05877441
8 197 455 1.8428546 0.4656151
9 371 1712 1.4984798 0.2356891
9 721 399 1.6424602 -0.13245666
4 770 953 1.5537009 -0.25734282
4 907 1318 1.5008924 -0.19060773
1 365 984 1.4701445 -0.7321868
0 591 360 1.697787 -0.33349523
6 222 285 1.9108739 -0.22901046
3 382 593 1.4633838 0.3980462
9 740 1572 1.6044315 -0.48697647
5 786 836 1.9584466 -0.5833445
3 1018 1576 1.4828815 0.41620368
3 148 755 1.5077267 0.33581835
3 958 331 1.3674263 0.5931801
8 96 951 1.7119128 -0.25006968
2 121 483 1.2818635 -0.12751102
1 226 1237 1.7387624 -0.38368592
3 210 295 1.968663 0.47073644
1 878 853 1.6067666 0.10495609
9 1030 577 1.7765288 0.09145987
6 996 116 1.504106 -0.59021944
2 680 50 1.5137964 0.722477
8 156 1790 1.6308719 0.20379531
9 1000 1192 1.78289 0.23240942
7 716 424 1.7155619 -0.41420975
7 235 223 1.523891 -0.031210303
