5 320 517 2.0408807 -0.6444798
0 285 993 1.7891142 -0.17017329
5 882 1219 1.8169953 -0.34443825
5 842 348 1.931987 -0.33155912
6 715 208 1.9193625 0.61198217
2 953 158 1.784592 0.0452767
9 990 1660 2.0310621 0.37169093
3 820 549 1.9066681 -0.72083306
9 225 1580 1.9938916 0.03447354
8 654 1834 1.786541 -0.16462898
4 374 1092 2.0697875 -0.7653467
4 689 849 1.4185127 -0.6511727
0 801 1619 2.0255542 -0.1860094
5 390 1695 1.8487966 -0.46019903
9 339 286 2.0350056 -0.66121644
4 238 1529 1.8233491 -0.27601308
2 502 1778 2.1193078 0.7229492
9 94 747 2.3169043 -0.05035305
6 112 1721 1.6884011 -0.727723
2 493 1616 1.9961735 0.06651515
3 383 1053 2.0340009 -0.56661576
4 986 1302 1.7037654 -0.43452805
2 251 949 1.8535153 -0.40905428
6 624 1665 1.8432276 0.7005095
0 942 260 1.9248024 -0.086963356
0 898 551 1.8425473 0.53719145
3 959 1751 1.8171899 -0.43429652
2 410 1143 1.113166 0.15977257
5 665 1799 1.8686084 -0.22547609
1 685 1738 2.213272 0.66621333
6 768 1710 1.8969115 -0.025461912
7 780 1331 1.5001156 0.6022249
5 594 311 2.19093 -0.1353091
2 624 803 0.71166795 0.6250519
4 857 880 2.0807354 -0.2398035
2 797 1646 1.9176657 -0.48111814
1 82 703 2.1913574 0.6592855
5 956 1398 1.7568743 0.6778491
9 485 285 1.8109386 -0.76485205
8 220 1729 1.6989266 -0.5166967
8 109 1312 1.776514 0.41659588
0 947 1276 1.7843033 0.00873816
0 832 119 2.0201695 0.6553131
5 515 1491 0.62718314 -0.2921946
8 643 1021 1.1470826 -0.6341522
6 212 1447 1.880833 0.33900398
0 546 1768 1.9894758 -0.33956936
0 59 33 1.7947501 -0.45483
7 230 692 2.0576825 -0.2909782
1 370 724 1.4534576 0.52050334
2 966 1778 1.943409 0.26173478
0 933 982 2.08075 -0.38123813
4 934 1776 1.7865869 -0.0014906526
2 480 555 0.6310293 -0.056307912
1 244 1096 2.2289386 0.4012087
0 843 138 1.7981328 0.4375047
1 283 430 2.0848172 0.3846299
7 995 1479 1.8033098 -0.38043213
2 685 837 1.6395167 -0.7075143
9 400 958 1.9582705 -0.32839772
8 669 1008 1.8603897 0.66842884
0 648 1748 1.9449931 -0.41685125
8 837 1425 2.258143 0.6138961
4 200 1120 1.8877892 -0.37753278
2 147 715 2.1417239 -0.21589112
4 641 971 0.8909593 -0.56073606
4 685 763 1.0138385 0.60135597
9 362 1121 1.7874167 0.3487547
7 1026 1399 1.8634949 -0.032871306
9 243 912 1.8167906 0.6833028
4 789 326 2.2456806 -0.6778758
8 995 849 2.0426865 0.78431207
5 232 1570 2.0267618 -0.55657834
6 1002 901 2.0658586 -0.66208154
7 802 83 1.9431113 -0.6901777
8 417 776 1.382566 -0.7244142
4 737 1477 0.6719774 0.38529533
7 1032 388 1.9796779 -0.09308541
1 440 504 1.2148771 -0.20765144
5 66 921 2.0169077 0.43869227
7 737 476 2.117397 -0.5429251
2 887 843 2.2725878 -0.69336194
0 111 434 1.7908608 -0.16521746
0 984 1696 2.068854 0.4841619
3 336 1229 1.5537729 0.30699545
6 397 456 1.9640083 0.104797184
2 861 1356 2.1319354 -0.7704061
6 413 963 1.5664201 0.13128531
1 1020 1882 2.0245912 -0.527447
4 449 82 1.7519442 0.6305205
1 572 92 2.1733022 0.13602275
1 656 1053 1.2857887 -0.5582074
4 916 249 2.1725087 -0.43207654
4 232 1484 2.0253465 -0.5860561
0 770 1354 1.7397139 -0.12364745
4 34 1342 1.9417208 0.2617684
8 988 578 1.8984569 0.59397215
7 445 152 2.2641242 -0.20688361
6 343 612 1.6954974 0.36471027
8 260 1243 1.8221585 0.34098536
0 425 732 0.6040163 -0.6654261
2 868 1619 1.9118663 -0.721063
7 968 812 2.089928 0.1636548
1 279 729 1.9851682 -0.5788605
3 401 105 1.7855641 -0.62613785
4 791 414 1.8979995 0.45105988
3 534 1780 2.349718 0.75342804
7 757 872 1.8762454 0.4047194
9 116 1495 1.9277394 -0.046002924
0 82 626 2.2856913 0.74427146
4 893 882 1.8873781 -0.2287209
1 984 1640 1.7048056 -0.6717233
8 868 897 2.1650393 0.17627549
0 394 224 2.0205085 0.48446113
0 696 701 1.7446083 0.5082372
2 512 102 2.067284 0.13324136
7 904 716 1.9447107 0.50637203
4 493 1861 2.1147573 0.32345206
5 170 721 1.8871886 0.6308574
6 25 535 1.6723801 0.18080217
9 511 309 1.7680697 0.565743
4 866 876 1.8141419 0.31152457
3 820 150 2.0329797 0.3610472
6 885 545 1.9559109 -0.09013301
1 975 825 2.098506 0.70283073
8 269 1368 2.083546 0.30771297
7 967 1479 2.1002614 -0.46918908
1 723 540 1.9524667 -0.49674755
4 165 1390 1.9379007 0.6186181
0 794 885 2.068756 0.40630776
3 973 1038 2.060497 -0.42160758
4 48 276 1.9712642 0.14508909
1 35 704 1.9536232 -0.13319999
6 774 851 2.1605022 -0.74773073
6 1029 1079 2.1222532 0.21697408
2 459 515 1.4771537 -0.75746894
3 598 102 1.9199302 0.51686424
6 298 1610 1.8294626 -0.75964344
7 330 1593 2.0180724 0.24111348
4 538 416 0.8106511 0.18559968
2 525 403 1.378408 -0.7837305
8 435 481 1.8365752 0.1088534
2 789 1288 1.9470938 -0.095048785
0 794 1159 1.7659681 -0.62395716
4 524 405 0.8122668 0.38370913
5 272 488 1.9010175 0.46984845
8 167 462 1.8825065 -0.008731604
9 57 1833 1.914828 -0.6850155
5 266 1565 2.16357 0.20880985
3 185 1791 2.0583723 -0.15679121
8 684 197 2.0432003 0.4972983
8 990 1687 2.144197 -0.59929
2 999 1534 1.9674377 0.16686964
5 381 893 1.7878958 0.09117514
2 375 1727 1.945754 -0.36327848
1 597 388 1.5358317 -0.5825927
3 173 518 2.0994508 -0.05683893
1 215 211 1.9882399 0.10982633
7 429 162 2.2377756 0.23457354
8 615 176 1.813074 0.097647846
6 232 769 2.0208874 0.17332774
5 1015 322 2.1036701 -0.6540395
1 803 1124 1.7255877 -0.21868747
1 990 1876 2.0377097 -0.6784649
0 433 1140 0.95572853 0.09953308
0 761 1258 2.042515 -0.15370876
2 419 308 1.7375308 -0.72948456
6 177 1238 2.0116956 0.6544536
0 103 1501 1.6931736 -0.6716716
8 338 1726 1.6627799 0.33011252
2 144 979 1.9570868 0.7530816
4 650 562 0.8155904 0.064196765
8 255 262 2.020296 -0.64856434
8 802 129 2.233471 -0.28495944
7 702 699 1.6331767 0.18160772
3 850 216 1.7968607 0.7010059
4 871 563 2.0846877 0.73790175
1 779 835 1.7425629 -0.4715654
8 699 1154 1.3387465 0.3833875
7 327 707 1.8465039 0.32192272
1 302 1636 1.9749106 0.15139055
3 198 1844 2.0265682 0.115151465
8 24 358 2.124947 -0.33958855
9 723 767 2.188211 -0.13171846
3 85 164 1.970318 0.027861655
4 199 1153 2.142813 0.72949594
5 413 1886 1.8939711 -0.4389449
4 1015 1351 1.6588924 -0.09907967
3 637 479 1.586536 -0.14542532
2 241 116 1.7356412 -0.0801729
7 79 1476 1.773899 -0.53945726
4 340 1304 1.1776698 -0.40389124
0 803 1747 1.745637 -0.5273663
3 583 1771 1.9009832 -0.35607708
7 1022 930 2.0459907 0.7812373
0 216 1074 1.7940279 -0.42721778
0 432 1662 2.130984 0.06214297
5 695 1210 0.80747133 -0.5101545
3 593 1543 1.5872766 0.019614637
8 365 1163 1.579174 -0.05051267
4 618 182 2.233741 0.05857879
7 85 1584 1.9143575 -0.73622
9 861 1587 1.989 -0.29552734
8 408 1647 1.6875128 -0.72368026
2 68 1837 1.7566298 0.48321182
5 700 462 2.2074604 0.4923535
0 725 1145 1.6526916 0.669483
7 356 302 1.952153 -0.5130589
9 237 391 1.9485251 0.50350875
7 530 193 2.2450504 0.41713732
2 394 773 1.2981946 0.0028193593
5 955 1190 2.127226 0.1287936
7 967 1701 2.0211577 -0.2614249
6 339 1516 1.2621015 -0.48680982
8 303 1409 1.1901066 0.56108075
3 817 1693 1.8355848 0.06274855
3 272 1660 1.6516687 -0.2571429
5 988 1244 1.7872462 0.034683764
0 716 264 2.1240866 0.5306526
8 825 98 1.736703 0.27079397
5 753 477 2.139118 0.69960576
7 745 1048 1.7750034 -0.7144487
2 588 402 1.3372061 0.4919805
0 408 856 1.840195 0.29608792
4 868 729 1.893515 0.23081559
0 215 1610 2.3106034 0.6265698
0 321 979 1.9798474 0.095648706
7 125 894 1.7575138 0.05865538
1 899 563 1.8842064 0.73619205
3 137 437 2.2884321 -0.57068706
8 677 1837 1.8497083 0.5258674
6 170 181 2.0153654 0.15786278
9 462 485 1.2106881 0.12521315
1 204 1658 2.0043182 -0.2779944
8 194 561 2.1452951 0.5826146
5 973 168 1.7797785 -0.09558064
3 378 1857 1.9908655 0.29835314
0 335 1187 1.9181166 0.016861975
7 327 818 2.091357 0.02086556
9 930 1432 1.9072143 0.3580683
6 782 1407 1.3760779 0.58658606
4 769 254 1.6425428 -0.78452766
2 584 1716 2.0962176 0.090041816
4 800 1472 1.3041024 -0.23603922
3 185 1278 2.0186808 0.015837252
7 298 888 2.006992 0.521532
9 43 240 1.7477261 -0.37214625
0 1042 491 2.0459895 -0.17748696
8 656 251 1.6815782 -0.75008404
1 144 213 1.8821616 0.5776661
1 208 209 1.6444188 0.44006127
7 901 698 2.266351 0.13141358
9 818 266 2.3034518 -0.362511
4 296 451 2.0261862 0.63459176
5 1030 548 1.7617495 -0.029021502
5 166 1033 1.9776757 0.55647177
7 177 1196 1.8725171 0.57770807
5 751 832 1.7598497 0.2967114
0 336 1146 2.110955 0.69109255
7 419 875 1.6006166 -0.33851776
2 910 1298 2.3226192 -0.16041595
0 366 1039 2.1165245 0.52281386
1 702 1696 1.8430666 0.011703908
2 837 517 1.8522385 0.51890725
7 214 841 2.019133 0.6527901
1 923 565 2.0456102 0.24306792
7 169 964 1.9404505 -0.14213425
8 967 534 1.8166951 -0.09525585
6 154 1248 1.9639482 -0.7414094
5 91 1432 1.8751625 0.3810634
7 975 679 1.8222926 0.32834405
8 887 108 1.9898263 0.4393292
0 888 1352 1.8718992 -0.14163035
7 538 1493 0.62577295 0.18714714
9 644 1573 2.2743764 0.48447067
6 829 1679 2.1196768 -0.27641183
6 907 1348 1.9078183 -0.04800284
2 431 295 1.7593126 -0.38656175
1 668 1703 2.0454297 -0.16553998
2 854 289 2.0764997 -0.37194392
4 679 295 2.1242738 0.19348925
0 1012 461 1.9266509 -0.5366218
2 269 1677 1.9615184 -0.27832186
5 170 548 1.8614118 -0.29058927
0 375 979 1.8513685 -0.12781692
1 170 1780 1.9023503 0.12806904
2 878 1815 1.9454497 0.6984047
2 490 1724 2.0733361 0.4747129
4 375 270 2.0850837 -0.21428841
0 782 92 1.9122224 -0.6365897
8 47 218 2.0982192 0.5469032
1 260 1691 2.1773393 -0.3388034
2 749 1009 2.1870604 0.055390835
9 305 1453 1.2672225 -0.3501641
5 65 1367 2.0405548 0.19172895
4 125 1811 1.7765261 -0.051824927
1 109 1487 1.8631618 -0.69347423
5 52 1656 2.2799408 0.26272947
9 990 1143 2.0720773 0.018689573
5 822 129 1.782765 0.09147757
7 413 238 2.110785 -0.772738
6 795 1782 1.9092574 -0.22688162
3 962 725 1.6680695 0.617933
4 954 358 2.1645353 -0.30740634
7 354 991 2.0502613 0.7289768
1 395 890 1.5624062 0.06498462
6 714 695 1.829138 0.46342403
8 442 1083 1.3706775 0.13198537
5 403 1740 1.8490005 0.7110483
8 228 735 2.0521214 0.18163055
4 220 1603 1.9972763 0.5300091
9 132 191 1.7414781 -0.019729853
8 525 1528 1.1388818 0.14075273
5 989 629 2.2028582 -0.18728739
5 398 942 1.5999234 0.7037681
1 959 980 2.2255726 0.4381804
6 804 777 1.966615 0.5567538
6 153 1153 2.1621547 0.14369875
3 338 312 2.1472497 -0.4780952
7 873 1580 2.0494957 0.5202634
0 871 217 2.2730994 0.30990714
9 717 721 1.9269729 0.40799612
4 657 331 1.8486912 0.5983383
9 440 1013 1.4029214 -0.13960445
7 424 1619 2.0083277 0.13652843
5 750 1509 1.556206 0.387716
2 1010 1568 1.9642056 0.3963415
3 873 516 2.147247 0.3619023
2 161 1804 2.173582 0.5125038
8 706 1744 1.96919 0.7591514
1 650 1139 0.96517295 0.018585742
1 468 271 1.8824711 -0.19226968
4 84 1443 2.183747 -0.36297214
6 782 1460 1.0727047 -0.4420065
4 918 1248 1.9211477 -0.3344364
7 717 97 2.3030746 -0.7602183
8 244 926 1.9887648 -0.07825565
6 766 1353 1.1256491 0.73844415
1 46 347 2.1492858 0.3081048
0 336 1718 2.0402439 -0.71195775
7 381 573 1.7397354 0.65991694
5 659 923 1.3335537 -0.66258234
2 641 122 2.0439239 0.28854376
5 257 235 2.0687206 0.17493224
4 797 1119 1.6061584 -0.3765044
2 114 900 1.955933 -0.40913537
0 719 831 1.9798031 0.50762254
6 186 1483 2.1637251 -0.7403426
5 398 1045 2.0994964 -0.4908341
8 205 324 1.9132041 -0.4968537
2 493 1568 1.9737426 0.3092553
0 183 171 2.157332 -0.0677591
7 867 1103 2.1192377 -0.094686866
1 296 1792 2.1678567 0.54881364
3 608 1791 1.9119107 0.25160068
2 112 96 1.7959359 0.37144572
5 335 652 1.9266737 -0.6834398
7 225 1290 2.0523386 -0.04511255
2 855 1338 2.2569358 -0.5130123
2 954 752 1.8137479 0.6857256
1 875 92 1.7239993 -0.27506942
6 141 1228 2.1102006 -0.02064079
6 658 1712 1.9263827 0.39387912
8 710 1780 2.1045554 0.21276683
4 252 296 2.2618272 0.21785444
4 528 1645 1.7436385 -0.02828896
6 922 585 1.8917401 0.08924043
4 1035 510 2.026368 0.33486897
6 166 612 1.8568927 -0.6928654
2 448 157 2.0408235 -0.4871316
3 883 878 1.861835 -0.43204114
2 793 174 2.296131 0.5031144
4 413 525 1.4506351 0.29894954
8 941 1649 1.966688 -0.23931843
0 702 585 1.9806916 -0.49307483
0 358 668 1.8445884 0.35673493
8 986 1184 2.3243663 0.75292486
2 929 1484 2.0211475 -0.55265963
8 446 876 0.95211744 -0.14371616
8 704 1832 1.8996637 -0.08962458
6 937 959 2.1333776 0.54899484
1 213 1512 1.8604307 0.40986782
5 119 1574 2.3379197 0.48085612
0 447 205 1.9585133 -0.5835773
6 193 190 2.0840137 -0.3041912
3 628 939 0.7014688 -0.6968609
0 802 108 2.1488645 -0.32849932
8 581 53 2.0148854 -0.16242284
0 695 636 1.2995472 0.7756813
8 236 1308 1.9182521 -0.7836019
4 1040 1616 2.0997696 0.2568789
8 367 847 2.2108595 0.04673493
6 800 348 1.916052 -0.3659678
0 575 434 0.62058425 0.18286943
6 527 180 2.2766168 0.10280311
3 418 97 2.1170158 -0.32787314
4 353 799 1.7624898 0.46234077
9 696 955 1.7965012 -0.6373048
3 1019 640 1.8454802 0.14556575
6 1011 1525 1.8458819 0.14984953
1 726 843 1.9785668 0.27803987
3 52 934 2.0176976 -0.0018349886
8 424 933 1.7965448 -0.42163107
1 217 1568 2.2378511 -0.7824119
4 534 192 1.9763973 0.18529409
1 159 1287 1.9032774 0.35092467
0 380 1207 0.98751456 0.016467094
6 133 1332 1.9672064 -0.77419454
0 1007 1282 1.6302083 -0.637908
4 322 794 1.966108 -0.24978542
1 697 946 2.039003 -0.73557115
9 935 1232 1.8485115 0.44139272
2 120 935 1.9205996 -0.549638
5 259 896 2.0754995 0.3103946
3 117 1307 1.9532728 -0.7297504
5 165 925 1.9699163 0.3604452
4 656 452 1.5020813 0.22430271
2 930 305 2.154902 0.39391166
0 140 557 1.7884747 -0.42396855
4 203 598 2.2432466 -0.755075
6 436 134 1.9232931 0.5210634
0 353 1354 0.7146089 0.15333813
8 371 1121 1.9883095 0.59182495
7 817 246 2.1033735 0.51449364
8 294 1713 1.9063493 0.33963686
5 397 654 1.1179957 -0.019489825
3 321 1208 2.1056604 -0.22557825
0 179 1058 1.7197157 0.29126364
2 263 1271 2.0215223 -0.5538755
4 158 600 2.119223 -0.7412787
0 880 305 1.8281002 -0.21402639
3 73 643 2.0383708 0.3443815
6 728 1145 1.7836723 0.2322151
6 703 191 1.9724194 0.15407687
7 865 1092 1.766374 0.16323459
5 279 1408 1.4715879 0.6431114
8 62 588 1.8416834 0.46901375
2 858 1102 2.0462556 -0.21318036
8 837 1779 2.0763013 -0.7461492
6 360 164 1.9506315 -0.57144636
5 51 1713 1.989853 -0.7132469
4 229 1810 2.0842805 -0.20366144
7 115 1405 1.9225761 0.18375438
4 237 1411 1.9779677 -0.6907617
5 122 1442 2.2719662 -0.6114833
0 632 852 0.7924462 -0.46095422
6 102 1528 2.0038173 0.21549529
8 833 1192 1.8880317 -0.26503688
3 550 1553 1.7506186 0.6884535
4 552 370 1.9451915 -0.071133316
7 772 522 1.8979613 -0.39290676
4 570 1753 2.1189692 0.059419096
1 755 1520 1.6412 -0.6473247
9 1000 463 1.8208506 -0.26743925
5 316 682 2.0968597 -0.45961845
3 702 320 2.1604233 -0.3621457
2 443 1854 1.750466 0.25834924
1 956 1707 1.990057 0.17022413
9 769 560 1.8163928 0.107692
8 239 673 2.0449338 -0.073874295
1 644 561 0.93497086 -0.016742349
7 881 221 1.9982052 0.5380489
8 641 176 1.7899798 -0.33384043
5 237 1493 1.9318264 0.11995542
5 685 569 1.5282447 0.17244214
0 836 230 2.0271006 0.5269452
0 644 521 1.6323351 0.7131507
6 293 478 2.030182 -0.71793437
7 393 1487 0.6799025 0.1985364
9 91 1099 1.9388334 0.48826665
4 285 961 1.839952 -0.08598024
2 435 1147 1.2917058 0.7777416
5 1019 1624 2.0535977 -0.2607243
7 407 1051 1.6917689 0.7207324
3 516 1642 2.1790779 -0.007132113
8 910 1265 2.1931355 -0.25657326
5 270 115 2.1384542 -0.28442723
3 259 946 1.7723097 0.61877173
8 658 1837 1.9492365 0.00573653
9 914 682 2.0978174 0.1919269
1 895 1617 1.9839253 0.58328193
3 420 907 1.2402568 0.18787968
4 408 1629 1.9311951 -0.6391825
2 899 481 2.3719275 -0.008469462
0 1013 1518 1.7947781 0.33677334
0 899 252 1.7314029 -0.2243846
8 924 1570 2.224001 0.4666229
4 169 605 1.7110542 0.7090339
5 378 1757 1.8056643 0.016776323
1 401 888 1.4759321 0.10693419
1 716 473 1.904221 0.3060785
5 853 296 2.2892938 0.25557476
4 397 1640 1.9346527 -0.40134814
1 744 138 1.9518938 -0.5612612
2 599 1700 1.9771451 0.26887125
0 991 980 2.000945 0.15461981
3 987 483 2.1974154 0.38557822
7 732 1525 1.6010063 0.5137026
9 1011 663 2.0782583 0.10104853
9 854 221 1.9007547 0.72661024
2 602 475 0.75670904 -0.15043843
5 273 158 2.0371706 0.37117034
2 425 1677 1.9716034 -0.55132276
1 557 135 2.157226 -0.6723509
0 527 307 1.7909826 0.09521133
3 109 619 1.9822013 -0.6023887
4 482 1678 1.8698404 -0.65510243
9 921 1493 1.8110137 -0.7636825
8 102 679 1.8302052 -0.14750427
3 142 1178 1.9127525 -0.55026215
0 681 268 2.0428534 -0.2769705
3 795 322 1.9489948 0.1401264
1 961 1442 1.7260189 0.55930537
3 232 76 1.9093869 0.062546074
5 195 712 1.9743944 -0.46962067
8 736 691 1.8591807 0.6197948
7 178 1033 1.7222146 0.13339376
5 733 1804 2.2137885 0.3167433
1 77 866 2.2862067 -0.7232349
9 904 1393 1.8207712 -0.17352474
8 731 849 1.7135059 -0.052712142
6 852 571 1.9498024 -0.5964681
6 915 1473 2.0065205 -0.5712605
9 209 973 1.9771869 -0.060994565
4 269 564 1.920854 0.6015796
8 193 162 1.760397 -0.29621878
1 895 409 2.274524 -0.34543753
1 834 1171 1.979628 -0.024316251
5 905 1075 2.0021503 0.48441857
4 956 1152 2.180464 -0.1969006
0 674 916 2.0739868 0.24680549
6 707 687 1.6092619 -0.1513825
2 242 1009 1.869903 -0.2578768
6 412 807 1.574519 -0.29480678
2 635 402 1.9713215 -0.5798789
3 430 1850 2.1182647 -0.29725027
2 922 266 1.947857 0.15763944
0 196 1566 2.0458367 -0.62948847
5 382 95 1.8633904 -0.3022549
5 768 943 2.1719286 -0.6226846
4 958 206 2.315868 -0.010864139
6 82 1039 1.6285795 0.0756768
4 508 1781 1.9382 0.68220085
3 174 1649 1.7570431 0.28040856
2 452 1639 1.8802751 0.7546926
9 942 1804 1.6483037 0.15342861
8 284 1315 1.9717244 -0.403088
2 977 968 2.1277041 0.047578514
5 1021 1024 2.309657 0.64457124
0 392 1512 1.2012068 -0.6790996
1 175 1848 2.2095683 -0.6270264
6 723 130 1.9745156 0.5427734
8 140 256 1.8144058 -0.41377532
8 162 454 1.6841667 0.5801361
3 476 1125 0.57771575 0.25378877
2 498 323 2.118751 -0.7627908
1 455 1659 1.8446602 0.47366256
8 940 914 2.140106 0.57106906
5 847 578 1.7195773 -0.5267639
1 93 282 1.875671 -0.58623016
0 887 1288 1.8774006 -0.6001213
3 801 1148 2.1231103 0.5316469
3 231 1173 1.6625103 0.48375314
1 933 1781 2.288391 -0.51104057
8 1012 1808 1.685098 -0.31543005
3 73 1006 2.0005403 -0.36926225
0 329 921 2.2815113 0.44613904
3 310 366 1.7505902 -0.5092252
2 839 1574 1.9050838 -0.6964981
7 511 364 1.9697022 0.6617778
0 996 1572 1.9835196 -0.5583937
8 881 1388 2.1580887 0.36160582
3 953 1478 1.9756125 -0.23110658
6 410 627 0.65509284 0.42649513
9 762 225 1.8597217 -0.7632368
0 430 907 1.4710464 -0.21483743
7 102 705 2.0898893 0.09176445
8 684 853 1.8833855 -0.43495548
9 687 1167 0.97509354 0.18306118
4 323 140 1.8357627 -0.633673
0 965 754 1.9948493 -0.5773867
7 426 895 1.2789985 -0.6538446
8 155 1189 2.1342404 -0.030849934
3 721 1283 1.363706 0.46596807
9 917 1363 2.0505338 -0.41736713
1 1015 539 2.2033172 -0.5625491
1 840 1772 1.987998 -0.1867587
7 884 1704 1.9382845 -0.5477997
5 639 570 0.74569726 -0.19002908
4 247 226 1.7140796 0.4494776
9 662 330 1.8059717 0.64576393
6 420 758 0.8642348 -0.7504698
5 1015 444 2.1223419 0.48034078
4 231 1314 2.3493743 0.6837191
9 351 1471 0.5905518 0.17082411
4 186 1332 1.8778347 -0.059140444
8 1019 296 2.0170047 -0.3654098
4 266 875 2.145491 0.40478057
4 698 1634 2.1083984 -0.4410676
2 291 456 1.726071 0.6068315
5 879 1720 2.127428 -0.6945244
3 377 1094 1.7590088 -0.72907263
8 928 39 1.974454 -0.61791015
7 622 285 1.957894 -0.274329
9 776 1592 1.9049447 0.4774837
8 790 547 1.989189 -0.73881465
8 719 1029 1.8773115 0.25753707
3 179 1553 2.0030563 -0.6137063
2 103 544 2.1621003 -0.48312607
2 959 194 2.0289254 -0.35207772
8 1050 1190 2.0283458 0.59051305
7 658 79 2.0530934 -0.037522793
2 142 663 1.9134523 -0.6427744
5 90 1607 2.0029213 -0.3614139
8 646 1066 1.3171126 -0.40306517
7 921 1271 1.8755287 -0.23825878
7 824 687 2.3139307 0.6217528
5 248 71 2.1260424 -0.015471101
9 133 1655 1.7267056 -0.62557185
5 883 1625 1.9397705 -0.60357785
0 418 1145 0.9014116 -0.31525815
2 191 1264 1.7986045 0.6211515
4 865 1355 2.1796973 -0.42223057
2 734 169 2.0626428 -0.15273196
8 776 1614 1.9742602 0.028214216
6 267 321 2.0573995 -0.71827245
1 816 1477 1.9581844 -0.26090026
5 420 1517 1.1562989 0.34367222
3 171 334 1.8457335 0.2799104
3 295 1252 2.0542114 -0.06681299
0 970 1212 1.9708451 -0.64131176
0 1037 985 2.0602522 -0.6951775
8 422 915 1.158966 0.60925287
1 744 959 1.9673147 0.4351539
5 172 592 2.0862424 -0.03893906
9 348 998 1.9315284 0.53580505
9 732 466 1.9526075 0.28745836
9 765 572 1.8402635 0.6084699
6 627 477 1.437094 0.05237788
8 935 723 1.9745251 0.5423246
9 385 732 1.7605388 -0.5184385
9 672 259 1.8502738 -0.76666176
1 530 104 1.9503506 -0.43885344
6 594 1668 1.902724 0.53228873
0 702 1670 1.9092944 0.5895502
2 247 332 2.0748603 0.60132736
8 124 1298 2.087006 -0.38758296
4 939 1265 2.3383255 0.25082296
4 161 1455 1.6832371 -0.29725692
2 1014 207 1.9339606 0.19865257
5 644 1788 1.9569743 -0.61636674
2 899 1459 2.08383 -0.3837977
0 465 1750 2.3538942 -0.6794772
0 387 1226 0.6083272 0.6717487
2 732 993 1.8859857 -0.14855403
7 995 1018 2.146363 -0.049111664
1 302 863 2.3039184 -0.09997702
3 385 483 2.3728888 -0.35407946
7 252 615 1.8560611 0.49870533
2 540 1496 0.6415909 -0.6466817
7 218 639 2.0527794 0.34206027
2 200 1123 1.8322302 0.6482881
7 913 1776 1.8007884 -0.17902005
6 230 1453 2.0376258 -0.4891366
7 700 1677 1.945124 -0.14102232
5 824 1581 2.1770632 -0.70456564
9 781 1535 2.2208579 -0.016299605
9 968 440 1.7010678 0.33817822
0 257 1091 1.6894982 -0.3827504
1 729 1494 0.9992315 0.4195227
5 573 295 2.071326 -0.7499101
1 746 258 2.0085118 -0.20190424
9 539 1638 1.9629605 0.095505
3 154 1597 1.9617127 -0.02816248
1 31 1364 2.045616 -0.04047084
6 810 382 2.1976523 -0.7836259
3 315 668 1.8943522 0.46273047
6 984 735 2.159914 -0.07044393
0 696 1227 0.54766613 0.5708479
0 904 1109 2.022872 0.7679756
8 347 1305 1.5492126 -0.19306278
7 203 821 1.9802061 -0.38814902
6 951 454 1.7671903 -0.42800453
7 799 1031 1.9242482 0.4068616
6 149 220 1.8352565 -0.5545397
6 922 1799 1.7721317 -0.29352334
3 204 1612 2.1112092 -0.4978149
3 295 602 2.1890564 0.6170203
1 804 704 1.8260608 -0.5523538
1 157 995 2.1125717 0.063676
9 256 963 2.0034037 0.76690334
1 836 616 2.0890129 0.49056607
7 194 1765 1.9744264 0.78500444
1 896 1331 1.9205374 -0.47562468
8 78 1488 1.8231277 -0.65944153
1 237 1196 1.9654493 0.4648916
7 460 1106 0.77492154 0.5292898
0 32 82 2.046083 -0.2780401
0 59 715 1.6724672 -0.19596821
9 262 1228 1.6943172 0.17094111
1 413 855 1.2307217 0.4532681
7 712 137 1.9453881 -0.19382387
7 38 1190 2.1948197 -0.011283159
9 913 568 1.8559326 -0.42642027
8 164 1774 1.6472073 -0.6283716
9 1021 1683 1.6971196 -0.4164759
6 331 279 2.1078212 0.58378893
4 627 1512 0.93329465 -0.3077258
4 737 179 1.7237768 0.06368923
3 777 386 1.8492371 -0.70450354
8 714 1543 1.8562356 -0.06139821
7 361 1326 1.1200882 -0.47574687
7 791 1123 1.9306378 0.1157521
9 362 327 2.0386403 -0.7501095
8 911 122 2.292195 0.7606818
0 532 1518 1.0261446 -0.6923718
1 984 664 1.8949798 -0.09457904
5 222 1682 1.8080254 0.20023638
8 352 362 2.2318592 0.49512595
3 669 922 1.3932005 -0.6990416
6 524 1632 1.8618246 0.0027582645
3 252 747 1.9912937 -0.20502394
0 970 1628 1.9622096 -0.67490655
8 773 927 1.7167258 -0.11560649
5 169 90 2.0238693 0.3192051
8 119 1742 2.1669316 0.26582187
4 185 1815 1.904722 0.2897511
6 390 1733 2.2276452 0.5859279
2 148 1619 1.8245515 0.66634554
9 265 1728 1.870305 -0.526214
7 802 1100 1.9011228 -0.17451918
7 250 649 1.9960965 0.42220503
5 266 136 2.1452308 0.07778877
3 327 928 1.7800598 0.17377901
6 1014 1852 2.1339529 -0.107764125
5 434 1663 2.0601032 -0.41090527
2 484 1739 1.8995708 0.62741286
8 995 587 1.7611886 0.12064779
1 323 746 1.9419817 0.49481636
8 292 624 2.0245461 0.3752064
5 559 1502 0.7205515 0.6192493
0 122 1308 1.7744706 0.11823779
5 898 478 2.0731583 -0.28335184
0 747 345 2.1286886 -0.08989304
3 339 1231 1.2511961 0.5683529
6 1039 577 2.209871 -0.14459127
6 939 1759 2.030038 -0.7309347
8 792 502 1.6779855 0.2996109
0 167 548 1.7801903 -0.32843405
5 833 714 1.7995365 0.090032876
1 1043 1276 1.9230171 -0.69452715
3 920 1086 2.0180492 -0.055250764
5 506 1807 1.9390846 0.11377871
0 771 944 1.8974192 0.2586637
6 722 695 1.9278915 0.32562035
3 912 70 1.783672 0.06416458
9 692 966 2.0994606 -0.6834967
8 992 565 1.8913112 -0.3595379
2 900 339 1.966042 -0.5671994
6 405 1174 0.5193938 -0.04395318
4 139 428 2.070169 0.047970593
9 398 325 1.8800251 -0.32429528
0 210 765 2.3433774 -0.24161404
4 114 388 2.0846794 -0.66908854
0 819 1448 1.8159819 -0.34191117
3 301 891 2.0671046 0.23338109
2 812 116 2.1726835 0.07077479
1 312 691 2.0077884 -0.70746064
0 80 1739 1.776521 0.5801682
5 304 550 2.1944058 -0.010343492
8 480 507 0.6427617 -0.39034998
1 453 1560 1.7304338 0.05940056
5 288 531 2.1149755 -0.7490074
9 398 228 1.8192984 -0.60022384
9 696 237 1.7043704 0.26411253
6 365 679 1.3649974 0.4131953
5 624 136 1.8668902 0.38278407
8 73 221 2.054197 0.7807836
9 279 313 2.0274227 -0.7625615
6 956 594 1.9510314 0.31027323
8 513 259 1.8781126 0.27903253
4 894 673 1.8772668 0.06140846
8 846 154 1.8608843 0.69027644
6 648 1751 1.906719 0.28715485
0 682 826 1.9203446 0.7521612
8 363 87 2.0378175 -0.6310599
9 934 708 2.0480754 0.6003292
9 284 150 1.7635919 0.21825272
7 342 954 1.9654346 0.67245334
7 430 165 2.0508132 0.40417093
9 308 422 1.9602963 -0.4845625
2 189 773 1.997053 0.08616477
3 813 1603 1.9596595 -0.35457024
6 87 1044 1.9718677 0.06309074
9 171 1732 1.6904894 0.6431276
1 388 411 1.8371406 0.3623032
7 242 1315 1.7541759 -0.76222575
3 525 331 1.7721466 0.769725
6 107 1178 1.9095173 -0.06615782
3 538 408 0.9376303 -0.47174066
8 807 1424 1.714938 0.572491
2 1022 555 1.9831158 0.14419943
9 143 1213 1.9423263 0.6619455
1 314 1137 2.1697433 0.43227082
4 220 201 1.7967527 0.3808561
1 839 1522 2.2768476 -0.51114357
9 490 1803 1.9315232 0.25933725
5 29 496 2.0076318 0.3187353
4 349 1098 1.9779364 -0.09228277
2 98 948 2.037759 -0.31428143
6 811 318 1.902229 -0.44325837
0 496 281 2.0750477 0.49205583
9 137 1516 1.6293129 0.052437365
1 340 1004 2.2337701 0.77100617
9 178 260 2.0110352 -0.14084142
1 876 1185 1.9816382 -0.6452865
5 636 510 1.2082425 -0.618065
7 992 1765 1.9590884 -0.0686509
1 246 391 1.9459127 0.64240366
6 714 107 2.1471417 -0.43671283
0 464 1564 1.945034 0.40651566
4 878 768 1.7140819 0.51818854
3 297 485 2.0250337 0.41448003
8 305 483 1.9992051 -0.57805556
8 54 437 2.0263028 -0.749628
2 323 1407 1.1996297 -0.23266524
0 198 225 2.0779788 -0.63123727
2 328 394 1.9602757 -0.029556215
0 666 75 2.3759499 -0.5141108
4 985 175 2.0260956 0.5327714
5 122 359 1.80594 -0.7469275
1 416 206 1.9157429 -0.32126328
3 741 970 1.9257604 0.33920687
5 1002 739 2.0593328 -0.16128063
1 519 50 1.688764 -0.06684303
2 623 507 1.3650873 0.17316127
8 246 1637 1.9409999 0.1546318
2 83 916 2.1377819 0.6843155
4 931 996 1.7603714 0.58964926
8 749 1224 1.8209757 -0.14239079
4 687 365 2.1672735 -0.646275
6 940 1534 1.9222921 0.31168348
7 1010 1759 1.9653062 0.39276928
9 131 1507 1.7106597 0.22452348
2 922 91 2.077288 0.65127355
7 289 1641 2.1889074 -0.34972936
4 338 823 1.9100481 0.62202317
1 959 1762 2.2117608 -0.42490932
6 888 635 1.899469 0.005957842
2 323 318 2.0915961 0.48136312
1 119 973 2.192786 0.22065717
3 1008 970 2.0501 0.67664605
6 770 1454 1.2680424 0.66827565
1 282 1814 1.9931613 0.40525502
7 135 1160 1.9005947 0.07310212
5 673 348 2.0141335 0.011348784
6 788 816 2.1893618 0.32672077
6 1025 1725 1.918198 0.30827528
3 102 1444 1.7704858 0.44170886
0 64 1696 1.7907518 -0.7370042
4 385 823 1.5631412 0.67335063
4 697 397 1.9230448 -0.36795944
3 784 176 1.9354173 0.35911864
7 124 489 1.8179494 -0.7510034
8 71 549 2.0603364 0.6057791
6 723 1063 2.0448678 -0.34119874
0 611 1106 0.66503686 -0.6630059
7 845 1132 2.12953 0.5246529
9 708 556 1.9984422 0.31197995
3 95 1628 1.7118686 0.14850235
8 292 914 1.9319687 -0.5723314
6 723 451 2.1604571 -0.564282
4 624 1540 1.3586367 0.083168924
9 505 179 1.9173853 0.39638776
0 693 901 2.1051524 -0.3732163
2 239 297 1.9029632 -0.75263715
4 307 1072 1.8417832 -0.52258086
2 447 1108 1.4993072 -0.47452214
8 115 841 1.8266504 -0.7461137
5 778 895 1.8082997 0.6178325
0 906 1239 1.9466081 0.09282392
1 86 1714 1.9215604 -0.52257794
0 845 63 1.8036044 -0.3864647
8 639 1600 2.0322783 -0.27824748
9 678 1723 2.0634727 0.012382448
1 695 459 2.0815573 0.5131218
8 732 1595 1.954999 0.58833534
8 73 141 2.1986961 0.30261165
3 765 714 1.9830917 -0.052478373
4 441 279 1.9651078 0.6392636
1 86 695 1.7764939 -0.49881762
2 380 1755 2.143623 0.121214986
7 71 166 2.0194786 -0.10657859
9 220 1245 2.1969228 -0.7051145
2 913 1784 1.9630263 0.32672232
1 142 1260 2.029624 -0.23230511
7 792 877 1.8532187 0.050114214
4 523 153 1.7903038 0.6110155
1 800 285 1.7998605 0.4508409
3 701 605 1.6847601 0.33826166
8 234 881 2.0646112 0.07798147
1 635 1813 2.10189 -0.1573205
4 35 947 1.8766084 -0.5560464
8 493 1690 2.2091265 -0.6086533
9 241 647 1.9588747 -0.29562077
4 151 1419 1.8631524 -0.48793614
7 864 407 1.7451934 -0.58939683
0 150 713 2.1888068 0.39958686
8 852 1152 2.1617322 0.2591402
6 252 599 1.7326443 0.14099383
1 145 1304 2.0788937 -0.19752109
1 896 753 1.7495475 0.56930655
4 335 1739 1.9828275 -0.7308289
0 766 1578 1.8227824 -0.3910771
2 880 620 1.8559116 0.32757682
8 159 295 1.9910607 0.6748988
0 807 787 2.0762773 0.6916912
8 200 1044 2.129025 -0.7592426
3 377 1521 1.45645 0.29047412
7 552 350 1.876016 -0.20440203
3 650 1687 2.0775266 0.22024173
7 101 1579 2.0464559 -0.51853925
3 713 775 1.9619234 0.21780199
8 876 334 1.8540248 -0.73630095
1 449 1001 0.8792025 0.62203425
7 425 1781 1.888129 0.29934126
5 374 232 1.9452713 -0.5657367
8 954 343 2.0813026 -0.028824389
4 1040 1362 2.135327 -0.070581734
2 477 309 1.8933275 0.65891737
9 200 1456 1.9047443 -0.67063427
5 188 1726 2.2438543 -0.027069211
8 704 1599 2.2831697 -0.086137116
0 130 1364 2.216968 -0.66296715
1 451 1883 2.093695 0.20528793
4 924 1346 2.2909873 -0.057555854
6 115 860 1.9237717 -0.6000747
9 296 1599 1.6789869 -0.65122616
7 650 401 2.1149266 0.37871116
9 411 1795 1.9850928 0.15727621
5 314 708 2.029654 -0.021462321
7 297 1831 2.0080268 -0.09229022
9 814 1743 1.821912 0.008597016
4 187 676 2.2106524 -0.39484024
0 421 1164 0.5593152 -0.2558825
9 606 485 0.87181264 0.33831507
2 334 862 2.119241 -0.4100381
5 358 1541 1.853783 -0.27980918
5 218 1070 1.7862908 -0.5543594
0 731 1169 2.2762272 -0.30269784
1 738 735 1.7742972 0.21270382
6 1020 1706 2.298105 0.37563437
3 371 562 2.2151546 -0.067577064
5 314 856 2.041355 0.4369492
3 490 89 1.8345917 -0.085556805
0 714 960 1.7125779 -0.49560764
6 969 1393 1.9213885 0.018817186
6 355 1186 1.3701931 -0.5871035
5 138 383 1.612789 0.055858195
5 851 1476 2.2331452 0.64117295
2 323 978 1.7008351 0.67446834
6 966 894 2.0078757 0.26090938
7 186 238 1.8967844 -0.4126341
8 769 241 2.244797 0.764391
4 944 839 1.8591355 -0.28284234
9 946 1415 1.8323636 0.38862067
5 285 1179 2.175463 -0.13134533
9 803 1325 2.2183118 0.58701867
8 405 1703 1.9905256 -0.08826327
7 284 897 1.8855324 -0.017914057
2 341 1274 1.1281899 0.30617005
3 71 946 2.1745012 0.13789004
3 542 1561 1.8960054 -0.12857246
3 845 1296 1.7165169 0.7827099
4 1008 1675 1.9750017 -0.22649771
0 570 1634 2.0000787 0.47613293
4 422 400 1.6609344 0.13239872
7 254 587 1.9847262 -0.3630535
0 635 1601 2.094669 -0.70791185
2 172 1432 1.6900024 -0.08152926
5 630 1750 2.2351294 0.40044647
1 723 817 2.1770744 -0.3278812
0 272 1783 1.899248 0.2763093
6 1003 1202 1.9949081 -0.39958075
6 767 1585 1.9743727 0.16696554
6 236 98 2.0974157 0.29399818
3 427 760 0.72797966 -0.6618382
7 671 369 1.8284194 0.64154214
0 110 944 1.7323625 -0.7764495
0 419 924 1.8377324 -0.3689733
8 438 873 1.0857292 0.19434881
5 629 213 2.045142 0.4464789
4 317 970 2.0162175 0.07746971
1 104 1304 1.7971818 0.7812275
2 779 1066 1.9397011 0.5725234
9 383 496 2.052138 -0.056687057
5 376 1723 2.081082 0.46129352
0 951 1323 2.069667 0.77457815
6 999 362 1.9993397 -0.37474224
4 345 1530 1.2939682 -0.46887317
5 613 1712 1.9418622 -0.5699736
8 350 500 2.176864 0.6066932
4 128 769 2.2774284 -0.6223724
1 57 1747 1.7935358 -0.3421572
7 849 768 1.7850062 -0.2861612
3 143 380 2.1250095 -0.09575033
8 623 1786 2.0443752 -0.12175542
6 365 1235 0.955317 0.41836172
1 372 281 1.8040317 -0.48845166
2 660 212 2.248434 -0.13783097
1 811 592 2.1478992 -0.72970355
1 1051 462 1.9140642 -0.02099073
0 618 1798 2.2522564 -0.64200366
0 779 775 2.0421038 -0.24146247
2 260 1132 1.9624388 -0.25272167
8 67 763 1.7293351 0.7477986
8 1006 1759 1.6801956 -0.7271276
3 334 394 2.0965786 -0.1712246
7 172 420 2.0778694 -0.5247952
3 108 1370 1.8235172 -0.44873968
1 162 1567 2.2345726 -0.05140972
6 960 1717 1.9190074 -0.18961602
8 73 1380 2.008667 -0.6054906
6 712 1573 2.2285228 0.009200335
5 788 1038 1.876059 -0.6969146
7 909 1825 1.948344 -0.7318628
9 775 768 2.2725627 -0.33023664
7 656 437 1.9998224 -0.433623
0 464 1670 2.0145779 0.21226907
2 613 1070 0.49833137 -0.4886036
9 435 187 1.6486917 -0.50614667
0 1005 379 1.9074202 0.5778199
0 108 774 2.0882852 0.49815565
1 623 1726 2.1740465 0.5484126
6 966 1196 1.7180543 -0.6526804
7 951 1700 2.0146272 -0.7363829
6 159 581 1.8211505 -0.40356794
3 324 974 2.285585 4.0477514E-4
6 772 969 1.8724735 0.02712351
9 224 885 2.0987163 -0.4094567
9 933 1076 2.0134144 0.7544778
7 644 952 1.3647219 0.14190191
2 441 344 2.0109427 -0.22743261
3 827 524 2.2907102 0.5410207
4 244 493 2.0088935 -0.757367
7 112 826 1.9513469 0.5210921
4 193 287 2.133675 -0.6837338
9 347 159 1.9571592 -0.07993841
7 378 125 2.042492 0.24226958
4 941 312 2.0697095 0.5703301
0 955 1453 2.2887232 -0.0053141713
0 425 325 2.1291406 -0.30277154
5 340 1818 1.7974769 -0.5188861
3 104 462 1.9120336 0.26340657
4 366 1044 1.9418837 -0.062533975
2 867 991 1.8465484 -0.25172228
4 191 1013 2.0583806 0.26500195
9 560 242 2.1151922 -0.32526433
4 809 461 2.3634593 -0.06692225
9 139 1813 1.9202774 -0.105344236
7 647 342 2.3028193 -0.28991675
0 704 379 1.8584014 0.35496324
2 343 75 2.217882 0.025541544
7 1011 1858 2.0636773 -0.50261766
7 223 1440 1.9770405 -0.3515285
5 216 264 1.9604334 -0.5729413
1 309 204 1.9857662 -0.023917317
2 348 1086 2.1138546 -0.3418052
8 695 152 2.1144016 0.4809366
7 521 1779 1.9955269 -0.4470187
5 652 345 1.9012995 0.16985923
3 245 1848 1.6934564 0.63508135
1 157 1482 1.9302019 -0.55978394
8 843 264 1.8577584 -0.43812886
0 688 568 1.3737735 0.6113058
9 118 1625 2.3001719 0.14410722
9 884 180 1.8115997 0.37668282
4 624 1765 2.2577639 0.11133385
3 575 1833 1.9382635 0.58540636
3 593 1599 2.068994 -0.2373091
4 126 1147 1.6890155 0.7293022
7 727 854 1.767448 -0.40406668
4 1033 1217 1.9558381 -0.03302318
6 199 1568 2.1556194 0.21638626
9 536 1826 1.9294909 -0.13171422
6 786 359 2.1126287 -0.6181502
1 722 1174 1.3545994 0.6481119
1 227 586 2.140091 5.9998035E-4
0 982 699 2.1279416 0.40445465
5 559 1510 0.9007051 -0.6925327
3 375 551 1.988388 0.022411048
1 891 1697 1.7958579 0.4212888
4 74 929 2.169591 0.22441584
1 173 931 2.1924784 -0.3717029
3 182 1276 2.1286473 0.5099824
3 818 639 2.1351318 0.6196913
5 177 1019 2.3282297 -0.49146184
9 447 1765 2.023117 -0.5978095
8 993 1830 1.8501239 -0.4884351
6 721 377 1.9179084 -0.65163505
9 402 514 1.8253613 0.3124507
6 729 1277 1.6426651 0.3315372
0 232 1701 1.7588722 -0.65533245
9 793 221 1.9063293 0.028430402
3 228 1654 1.9543272 0.10228062
0 36 1248 2.2066438 -0.6607939
8 79 178 2.2479591 -0.6041193
6 111 1511 2.0275316 -0.58326346
0 270 828 2.2226593 -0.091305554
0 225 1331 1.9887025 -0.5001739
0 630 326 1.9664342 0.7201486
8 347 1194 1.6814021 -0.2799704
1 833 874 2.1456873 -0.47926256
6 392 1501 0.8780969 -0.058746397
6 387 545 1.9824622 0.7074769
3 194 1739 1.9866253 -0.3289829
2 788 77 1.8609179 0.1750766
2 593 177 1.8813133 0.34078234
3 398 851 1.7496798 0.20826852
1 593 1848 1.806132 -0.21499074
3 471 1757 2.0468886 -0.6019536
5 620 929 0.6909554 -0.044637203
3 1001 1861 1.698083 -0.76819855
6 52 1517 2.0429451 0.10591221
4 395 1062 1.7111069 0.06842494
9 128 515 1.7160892 0.009580851
0 829 435 1.9757974 0.044897377
0 370 487 2.0068488 0.58797306
7 993 1446 2.0456665 -0.6812291
9 571 1676 1.997048 0.4992252
5 113 768 2.1755555 -0.14249486
8 747 1228 1.7634043 0.4693548
0 93 154 1.7876035 -0.22811466
2 301 1425 1.0225238 0.39966923
2 931 1478 2.3344498 -0.11229837
4 881 1022 2.0540726 -0.605543
1 292 654 2.1094615 0.061432064
4 123 575 1.7347491 0.11333835
7 807 128 1.7322313 -0.18155456
7 990 121 2.0309622 0.6903581
9 444 1641 1.8212708 0.25857002
9 61 1649 1.7773248 -0.25988954
5 1020 93 2.127295 -0.47532198
2 248 1460 2.212646 -0.16220927
2 316 979 2.230103 0.4844411
4 757 926 1.9993337 -0.4715451
4 673 574 1.1981934 0.7647236
3 878 660 1.8011149 0.11676371
4 222 402 1.8150674 0.62165326
4 148 1646 2.2519746 -0.48085374
6 45 1539 2.301496 -0.35350928
4 289 1089 1.8455434 -0.43668157
3 734 1311 1.4863659 -0.14015758
3 70 1236 2.1357317 -0.09059006
1 209 695 2.244415 -0.5439781
5 926 843 2.2104301 0.6531908
3 110 983 2.0343208 -0.46049845
0 137 1343 1.8495337 -0.33459237
9 271 1067 1.8877614 0.77810425
4 979 794 1.9075594 0.2665369
4 982 1485 2.2728488 0.20943922
8 971 1397 2.0440817 -0.7043748
1 717 831 2.0760474 0.6481287
6 858 899 1.7225868 0.6253744
7 722 367 1.9983339 0.692424
5 1003 1043 2.1612482 0.22487682
2 181 1589 1.8552827 0.25755197
1 759 1839 1.9820184 -0.6898417
4 845 1820 1.9318333 -0.11827868
8 963 1110 2.2366595 0.31848878
1 875 1097 2.0436776 0.37481028
1 158 1094 1.9890294 0.5295302
5 585 401 1.5243804 -0.3652072
2 124 1811 1.8842499 0.0052608848
3 614 507 0.77214736 -0.41372448
7 315 607 2.1419585 -0.6104694
1 271 1450 1.5813979 0.30113322
0 459 1501 0.7840187 0.5677646
0 483 394 2.214815 0.5139832
7 674 778 1.0963863 -0.5744702
9 180 1450 2.0360074 0.52509683
2 444 303 1.7853196 0.0059567094
6 369 1512 1.0994395 0.45335835
7 295 298 1.9910561 -0.38773116
4 208 680 2.1448429 -0.048553526
1 717 1296 0.9957268 0.650678
9 313 1724 1.9556518 -0.17823136
3 782 1804 1.8951411 0.04932773
8 323 1014 1.9800605 -0.4798243
4 721 288 1.9781086 0.03349346
6 378 147 2.0482252 -0.6794921
0 863 1073 1.7582105 3.707409E-5
0 451 1599 1.9988332 -0.54573774
7 166 1069 1.8957077 0.6552016
0 825 1274 2.1141796 -0.51350045
4 896 812 1.8501264 -0.011650145
5 444 1125 1.205701 -0.40172106
4 849 107 2.1753116 0.44958216
3 887 1044 1.8609124 0.6064648
6 854 142 2.138174 0.44956273
2 765 1189 1.7950448 0.0023869872
1 141 555 1.8236337 -0.3292792
8 288 329 1.9193864 0.560419
9 213 125 1.986037 0.04882121
5 334 973 1.809064 0.7218664
0 807 1542 2.0474524 -0.15595412
3 298 808 2.2305236 0.61970466
8 672 1105 1.8912456 0.7352372
6 739 1312 1.5907568 0.13789994
3 157 785 1.8573302 0.75954646
3 907 105 1.9356774 -0.2533763
5 537 1504 0.7510542 -0.3391094
3 284 1570 1.8335878 -0.13653696
0 198 275 1.9018329 0.2616741
0 772 540 1.8429366 0.21323597
4 99 38 1.9074615 0.11737406
2 990 1802 2.0080206 0.009743333
8 862 806 1.8126739 -0.60141355
6 906 805 1.8501137 -0.02441138
2 117 980 1.9977173 0.74243206
0 439 1115 1.4518815 -0.32192352
3 966 437 1.9155548 -0.12671763
3 912 942 2.1824505 0.011266172
3 803 640 1.9938196 0.67626876
1 211 1453 1.979171 -0.1871615
9 972 1155 1.8854347 -0.4355853
9 798 415 1.8181194 0.58382696
8 210 1142 1.9039962 0.0999738
2 263 755 1.844594 0.42281514
1 632 947 0.8278494 -0.46737748
1 977 705 2.006775 0.2142592
6 678 130 1.7685089 0.3863575
2 259 1242 2.301161 -0.0553205
6 371 898 1.93437 0.49940008
6 238 51 1.8297838 -0.6954652
1 899 1058 2.0556793 -0.72137994
9 386 545 2.034838 -0.10396016
0 310 1627 1.7307913 -0.66869926
6 851 755 1.8497351 0.27722842
8 1018 524 2.156742 0.78514475
0 137 1319 1.6725246 0.047878563
1 837 1692 2.0955482 0.7108802
7 327 1619 1.7760427 0.3851766
7 198 844 1.9625139 -0.4890607
0 250 1640 1.8587182 -0.518533
0 951 490 1.9804147 -0.5663489
9 903 355 1.9189757 -0.011760533
6 804 666 2.0437708 0.016040027
9 143 1847 1.8767272 0.53217083
5 389 275 2.0650375 -0.011942029
1 779 336 1.7701857 0.12648267
7 371 1639 2.0458379 -0.48569152
8 810 851 2.0272758 -0.32250017
3 199 1226 2.170351 0.18910927
6 837 796 2.0745103 -0.7073451
7 378 1589 1.8709313 0.59064025
3 257 214 2.0454834 0.35840553
4 706 1144 1.1829585 0.1376276
2 171 735 1.8745397 0.74505645
4 125 1641 1.8817612 0.28637117
7 751 289 2.2637455 -0.5895839
8 376 275 2.24867 0.71578556
1 297 1610 1.9588408 -0.7277504
6 741 378 2.0987258 -0.2075445
6 902 270 2.0352943 0.34330493
5 919 1609 2.0356052 0.044380307
5 118 896 1.8458881 -0.2664507
1 125 1010 1.8742284 0.46911544
8 464 1576 2.0899322 -0.20227629
5 290 1120 2.1248589 -0.6793071
3 105 251 2.25325 0.023202598
1 471 1739 1.9002491 -0.21704471
6 789 1166 2.0371053 -0.021438658
0 622 815 0.8415635 0.2240898
5 87 1709 2.0225801 -0.11065298
8 822 400 2.1755059 -0.7748973
2 236 382 2.2521434 0.27328676
9 1031 1164 2.056317 -0.31730822
8 938 907 1.6310612 -0.32289547
5 252 1584 2.2787888 -0.32687396
8 907 1679 2.102788 0.46869987
0 460 329 1.8188035 -0.24491209
6 397 507 2.0041323 -0.46246096
5 620 197 1.9699943 -0.042143643
3 297 530 1.9567558 0.017834961
0 895 378 2.0539155 -0.5540005
9 880 532 1.9582304 0.03808421
1 181 843 1.9462771 -0.16570091
0 66 1479 1.9157801 0.30121344
9 767 521 1.7306839 -0.7039722
9 417 994 1.9348868 -0.25610983
6 650 475 1.6962256 -0.024267137
4 819 1225 2.0632224 0.27692658
4 740 424 2.0188615 -0.45810863
3 268 1155 2.2062147 -0.3613773
3 735 272 1.6849946 0.7540569
1 582 1563 1.9434909 -0.5089499
5 1044 1468 1.7875738 0.29580754
0 628 221 1.9460381 0.2503429
0 58 888 2.0639307 -0.079499245
3 440 787 0.7183724 -0.5619497
1 329 1281 1.4597888 0.55623585
9 191 470 1.9344331 -0.5220096
3 186 991 2.187432 -0.70460606
3 471 1532 1.3217033 -0.30886054
3 393 1151 1.1592953 0.119187415
8 169 1815 1.8395618 0.102092505
7 823 59 1.8812996 0.22947043
6 826 988 2.2137668 -0.014226377
2 565 1514 0.98161745 0.4710384
2 325 546 2.0793924 -0.42541537
9 995 467 2.133399 -0.73251677
7 826 1161 2.0601232 -0.10738528
3 603 1151 0.6976204 0.20822626
0 120 1799 2.178036 0.29418474
7 683 682 1.1263406 0.23242587
1 306 56 1.6800133 -0.53164935
5 580 104 2.1186898 -0.16386676
3 49 1702 2.131926 -0.24979538
9 349 929 1.9988046 -0.34998488
0 113 1006 2.302027 0.17762119
1 715 770 1.6014621 0.466847
3 596 1554 1.7606966 -0.41948104
8 905 1636 1.8180073 -0.42717078
7 1046 1250 1.8681624 0.29816157
6 262 1495 1.7610813 -0.054295182
5 315 1399 0.7724989 -0.63804203
4 757 1856 1.9576352 0.31004232
4 196 1685 1.9730555 0.2231453
0 287 656 1.970811 0.27855247
0 280 902 1.9407697 -0.19767588
8 985 1469 1.982165 0.40635604
7 269 270 1.8832457 -0.39333004
2 890 282 1.9105624 -0.12965441
2 803 650 1.8335387 0.38355023
9 1038 151 2.3625524 -0.3075053
1 452 1792 2.257688 -0.09914547
9 660 1844 2.1261225 -0.73189396
0 836 466 1.7114283 -0.12039435
1 699 87 2.191265 -0.47294518
9 225 558 2.2543473 -0.52111375
6 777 1853 1.8809425 -0.24140507
4 759 633 1.920041 0.7759494
5 132 740 1.9802973 -0.121518075
9 327 820 2.2018797 -0.6321244
6 775 1177 1.9525312 -0.31298143
1 283 600 1.923282 0.7226439
0 339 1648 1.9708576 0.34461325
2 49 516 1.7813532 -0.61196405
1 539 306 1.9191514 0.71277684
1 140 893 2.016723 0.18332267
9 957 1259 1.9444137 -0.32442066
4 791 1638 2.0208657 0.777065
1 666 419 2.1649797 0.13069135
1 361 347 1.8999034 0.13423336
2 239 1486 1.938078 -0.5616096
7 408 871 1.4846983 0.5204466
8 246 1088 1.7558314 0.78442746
7 101 328 1.887704 -0.7848026
8 919 367 2.2916172 -0.02193129
8 266 1146 2.01772 -0.4494635
2 328 649 1.9510629 -0.72400224
5 856 1834 2.3162978 0.05186987
4 541 75 2.1845448 0.17264229
5 364 1562 1.8115853 -0.04971713
6 665 814 1.2841018 0.06371927
3 831 305 2.2925134 -0.7222972
9 397 800 1.9661688 -0.60954314
6 160 1804 1.944744 -0.04732728
2 266 1665 2.2067108 -0.48406178
6 315 1499 1.8064289 -0.6697543
7 885 555 1.9365418 -0.48638934
5 426 154 1.8750124 -0.65750253
5 430 168 2.1476698 -0.09875244
9 1048 642 1.9981623 -0.052390516
5 669 693 0.7265034 -0.7738614
4 813 1134 1.936805 -0.33711842
7 726 167 2.1391938 -0.47214055
3 90 1782 2.0882761 -0.20350301
1 984 1617 1.8033633 0.6727285
9 141 854 2.1344013 0.1445145
5 812 1151 1.8924221 0.104546845
1 560 1602 1.851264 0.544764
6 462 374 1.9745055 -0.4545185
2 346 835 1.9354588 -0.75211686
1 289 1129 1.7843113 0.692586
9 865 1374 1.8219786 0.7552076
2 313 352 1.8323073 0.68482226
5 107 738 1.9271185 -0.5639638
9 982 1118 1.8841894 -0.7039148
1 195 700 1.8795558 0.5865268
0 449 1567 1.8694322 -0.3576283
6 863 618 2.152231 0.0031437874
6 165 302 1.9538649 0.33978754
0 149 1598 1.931507 0.7125482
2 506 145 1.9545088 0.051442206
5 175 1455 1.9037461 -0.26966202
2 700 1047 1.999015 -0.34606677
5 738 727 1.9631183 0.4163577
0 731 610 2.1253881 -0.27744192
8 100 1116 2.0161908 -0.16574186
6 60 1711 1.7204958 0.73075587
6 825 980 2.131334 0.6192798
8 216 881 2.3477538 -0.4891004
5 71 357 1.8332626 0.09030217
5 335 435 2.005262 0.30391544
0 205 240 2.047526 0.21445125
5 98 233 2.0915115 -0.6901585
2 993 431 1.8083116 0.2704745
2 794 104 1.943137 0.68493575
3 921 1375 2.0061862 -0.5762139
4 104 1201 1.9456481 -0.41206533
6 202 130 2.1295044 0.25431067
2 168 260 1.8704609 -0.12727153
1 751 197 2.124918 0.62947625
9 69 1241 1.8047396 0.38370568
1 732 709 1.9441788 0.35812765
0 725 660 1.6870761 -0.6110249
8 700 787 1.9371731 0.11106753
9 238 1063 2.0763402 0.6206011
1 320 1041 2.141637 -0.091852725
0 78 1685 1.674098 0.31097645
2 131 963 2.1432676 -0.54332256
0 287 499 1.8447838 -0.43347216
5 953 931 2.0217535 -0.5897851
4 634 1806 1.7855217 -0.2636506
5 524 329 2.3068857 0.40624112
8 768 339 2.0705829 0.52514786
4 66 428 1.6472789 -0.35142055
3 621 1555 1.8662155 -0.32961956
6 1023 721 1.8585353 0.6511516
0 514 1655 1.9518077 0.4549188
7 933 1253 2.1634512 -0.72411656
8 903 254 1.8767934 -0.55416816
5 708 131 1.7231236 0.19470745
8 648 524 1.6727179 -0.35867813
7 880 1291 1.741301 0.76593286
5 299 1409 1.3542582 -0.14258277
9 274 1386 2.0208547 0.44191283
2 246 1725 1.7265292 0.135719
0 586 263 2.0391161 0.06882018
7 413 1632 1.9253116 -0.50493157
1 44 1127 2.2333872 -0.34629965
5 955 258 2.21793 -0.16782027
6 513 1580 1.9688343 0.5153642
8 335 407 2.3046925 -0.33814615
3 542 1731 2.0626266 0.7519693
3 296 655 2.025271 -0.1523413
6 197 1524 2.0012949 0.039723754
4 578 373 1.9627889 0.18215144
9 782 1605 1.967755 -0.32820204
9 209 133 2.0668523 -0.6241019
0 766 210 2.0095959 -0.05172795
3 272 1795 2.0505517 -0.08204895
3 402 136 1.8718442 0.7324464
5 451 352 2.010297 0.24758667
6 63 1724 2.2366545 0.4691195
4 295 998 1.9436538 -0.22951001
3 895 838 2.1014128 0.5454238
0 336 125 1.7203555 0.36999327
0 113 908 2.0193062 0.44478565
2 808 1127 2.2471223 -0.018150926
2 837 1804 1.9396278 0.7538304
4 103 514 2.358359 0.42972535
5 646 902 1.360354 0.04188299
8 185 1471 1.7584372 0.76563376
7 838 868 2.2803783 -0.6684302
3 715 463 2.1616108 -0.49469346
6 815 609 1.9799352 0.6326123
8 467 1549 1.7750748 -0.041511834
4 326 1646 1.830129 -0.24666089
1 275 1377 1.4923121 -0.51395106
0 680 737 1.5424784 0.039215267
4 320 278 2.0514357 0.022098005
1 83 594 1.82801 0.47097272
5 807 1258 1.9981551 0.4135484
5 290 1787 1.8809257 0.4376635
1 89 1388 1.9002583 -0.17823082
3 299 1414 1.3532754 -0.25815922
6 33 1089 2.2407658 -0.3008854
9 141 224 1.9283702 -0.5012363
4 1034 1513 2.0364878 -0.6592251
2 822 91 1.816729 -0.4026444
5 674 502 2.086468 0.040345192
5 1041 372 1.7751564 0.28499287
8 734 1139 1.9994799 -0.03694457
8 970 1528 1.9865847 -0.06681967
3 171 1427 2.1803327 -0.7283765
3 457 523 1.050893 0.09940112
7 191 255 1.7527035 -0.118438065
8 329 1314 1.60226 -0.060501516
8 351 720 1.835491 -0.7441364
9 419 1144 0.93138903 0.0814504
7 74 67 1.8430406 0.51775855
5 196 1471 2.156458 0.21330518
7 97 1246 1.9420918 0.33497983
0 434 1520 1.1581453 0.13572437
2 954 413 1.9953184 -0.7762639
1 937 142 2.0213125 0.5270849
4 311 460 2.1759946 -0.10924649
7 842 109 2.0416553 0.018512845
0 136 1393 1.9049189 -0.23201036
5 133 567 1.9677029 -0.47989032
3 83 1289 1.9498854 -0.3521824
3 746 65 2.0292225 -0.538833
1 249 1406 1.9669797 -0.54450727
9 189 1750 1.9708376 -0.61713123
7 170 404 2.1091547 0.26841956
5 963 1523 2.2275398 0.34438664
0 987 224 2.341416 0.548925
7 895 1708 1.860688 0.35226732
4 209 1342 2.0029802 -0.46585333
8 916 1830 2.094642 -0.15099967
6 1012 965 1.836337 -0.6204791
2 756 1577 2.0852783 -0.085972965
1 734 859 1.7427784 -0.39951906
1 900 1005 2.0669146 -0.7016014
8 917 1544 1.9011766 0.33684677
2 437 325 1.9415184 -0.028548002
9 383 801 2.0601132 -0.7578181
9 852 1555 2.01617 0.52993685
8 231 243 2.1938658 -0.7539394
2 121 980 1.7172445 0.1899271
1 557 180 1.9344848 0.74150795
3 667 445 2.1171334 0.36273295
7 945 1469 2.0814042 -0.43369946
7 78 825 2.2392607 -0.2511803
0 644 545 1.1434296 0.229711
9 160 514 2.116049 -0.45745173
5 324 1813 1.912363 -0.19121253
7 395 1051 2.0309134 -0.30318582
6 606 307 1.864914 0.5882525
5 1003 1855 2.139135 -0.08997679
4 707 1779 2.082079 0.37145823
5 930 1763 2.122136 0.35280794
5 912 903 2.124237 -0.030949473
1 89 490 2.014394 -0.060873806
2 917 902 2.2843227 0.42466754
8 171 881 1.913752 -0.510779
3 812 269 1.8954363 0.29469484
8 162 263 2.057888 0.01464951
5 491 287 1.8626502 -0.3348943
4 774 704 1.9541216 0.37083083
6 612 1796 1.8325887 -0.39260602
6 653 401 1.9150146 0.67431575
3 240 302 1.8835211 0.033928454
3 723 937 1.8021256 0.5341436
7 581 1789 1.9544573 0.32680756
8 810 1385 2.059675 0.634618
2 959 118 1.8875115 -0.19615096
3 685 1480 0.600043 0.0058885813
8 334 861 2.3046434 -0.5982837
2 96 1630 2.0339735 0.4947185
1 1009 1664 2.168279 0.34885842
3 256 1065 2.0811372 -0.18291813
7 105 187 2.0070956 0.44728917
2 889 1175 2.0266743 -0.42761606
3 137 129 2.3514946 0.50571233
0 159 1132 1.6831264 0.720359
9 511 261 1.891188 -0.6803274
0 857 597 2.2272904 0.7225005
6 980 1701 2.242706 0.72311
6 775 793 2.129902 0.76185006
2 745 425 1.8359029 -0.4741923
0 105 214 1.8667256 -0.039910674
5 669 769 0.9827048 -0.37511075
9 819 1468 1.9285718 0.52575034
2 176 1391 1.6389931 0.29977328
8 840 886 1.9816878 -0.20010138
3 113 577 1.9288188 -0.61039
2 644 93 1.8088598 -0.30558184
8 345 1798 2.061482 0.36850137
5 228 134 2.370971 0.50371116
6 617 1586 2.2269921 0.7199318
5 420 740 0.7130443 -0.5689476
6 765 1346 1.2931385 0.33598405
9 735 1282 1.6219538 0.44424838
2 789 1495 1.6610997 0.0960443
4 623 1548 1.4941523 -0.35567185
8 368 1587 1.7482175 -0.067914724
9 933 1647 1.8083757 -0.40013024
1 175 357 2.3115406 -0.008800328
7 956 661 2.247886 0.68318063
6 467 1618 1.860773 -0.3901646
1 209 1143 2.2224073 -0.3253645
5 879 509 1.7580906 0.1751827
2 195 1156 2.2451193 -0.42737573
9 776 600 1.8913356 0.30904955
9 440 221 1.8077993 -0.5751697
8 679 1053 1.8944931 -0.35834622
7 91 410 2.050342 -0.6579464
1 782 749 1.9791254 0.088487566
1 1015 967 2.163823 0.6373696
8 60 1441 1.8490943 -0.24370801
1 602 239 2.0304391 -0.46218288
3 256 932 2.017589 -0.78352493
2 272 896 1.8504211 0.6646469
8 490 272 1.9087768 -0.34162784
0 42 596 1.9297073 -0.6215611
9 231 429 1.8936669 -0.2664026
6 425 528 1.8001261 0.04989612
1 183 1571 2.361933 0.14564502
4 280 1620 2.1323757 -0.043461382
7 535 1840 1.982929 -0.5243033
0 964 1399 2.318031 0.29611677
9 591 1800 2.102301 -0.11122072
0 938 913 2.0291958 0.45157403
8 91 1309 2.153007 0.17392623
4 468 187 1.983306 0.12503535
1 135 1597 2.140516 0.5152324
7 784 1765 1.8568263 -0.74545956
1 1007 364 1.810962 0.47158867
6 463 534 1.2504275 -0.11606711
6 827 1628 2.148927 0.1664195
7 487 1715 1.9571284 -0.08509982
7 1027 743 1.7585659 -0.09869194
8 942 1024 2.0830193 0.6335514
9 350 96 1.918707 -0.73338306
2 984 601 1.9855618 -0.6516021
8 724 1124 1.9180689 -0.36778846
7 484 532 0.6336688 -0.743734
4 935 890 2.1898897 0.0338369
0 237 1302 2.1913817 -0.03289455
2 151 1107 1.9294066 0.3343199
0 166 674 2.3346357 0.3817894
3 174 1010 1.7142395 0.6300288
2 705 601 2.2740648 -0.21017486
4 812 782 2.0783777 -0.20189863
8 663 878 1.7023041 0.55350465
4 623 1605 2.182186 -0.065475345
7 690 243 1.9247483 -0.30193403
2 609 261 1.8901939 0.17224991
8 209 592 1.8889608 -0.4974871
6 788 968 2.1277993 -0.7170633
3 893 167 1.985724 0.14071202
0 953 1593 2.1983304 -0.26592726
5 84 1254 2.2957475 -0.58596784
0 429 583 0.59066546 -0.5731379
1 670 1629 2.2933862 0.5911079
6 541 152 1.8990445 -0.7230009
7 778 691 2.0222216 0.65519196
2 728 661 1.9566017 -0.17657447
7 453 1516 1.0444676 -0.016208768
0 502 228 1.8288566 -0.5787808
1 405 981 1.7659341 0.53164476
3 57 854 1.8745633 -0.051276922
9 779 107 2.1721776 -0.5533772
7 884 1076 1.9172195 0.12679744
8 191 796 2.061729 0.67387706
9 94 1588 1.9768915 0.27398223
5 707 1212 1.1775244 -0.2623173
0 672 323 2.0235069 0.530899
3 939 745 1.9907273 -0.13380164
3 58 607 1.8003491 -0.14786458
0 57 1060 2.0593963 0.14261329
6 715 437 2.2217398 0.61832494
8 98 1126 2.0798714 0.6930813
1 215 691 2.01688 -0.0066640973
1 410 1622 2.0407119 0.0116250515
1 333 1483 0.8632863 0.26336402
8 1004 1085 2.1532981 0.15275991
6 916 1114 2.1284385 0.683366
9 838 1488 2.0954468 0.71198756
3 822 565 1.7507199 -0.43681836
1 827 1193 2.0712233 0.5870171
5 374 1019 1.682435 0.44878954
5 315 451 2.0483813 0.25579935
2 142 1114 2.3570478 0.30531436
7 843 1407 1.8086934 -0.4049935
6 759 920 1.9789221 0.12157643
4 467 419 1.1088334 0.13597786
3 352 1741 1.9545025 -0.3944251
1 961 1099 2.0800035 -0.24282163
2 903 393 1.6648495 0.2053631
4 82 272 1.9912907 -0.17249757
4 707 337 2.063359 -0.5978269
5 418 1040 1.8841593 -0.1876868
4 153 215 2.142659 -0.22009349
0 800 1655 1.9991635 0.58045274
1 183 1024 1.8284873 0.14940369
1 553 1553 1.701857 0.6870833
1 451 1774 1.930585 -0.7777907
7 816 1690 2.0888834 -0.10151386
8 623 157 1.9407251 -0.09954971
4 923 1277 1.6739471 0.25790066
8 154 753 1.833936 -0.4030559
6 944 898 2.0597506 0.6271773
9 769 1306 2.0231557 -0.46156803
1 879 682 1.7945501 0.34248203
0 308 495 1.8733909 0.2576782
3 408 983 1.9398478 -0.25575405
1 327 379 2.002356 0.14255762
0 822 947 1.8577114 -0.5928191
7 781 1236 1.9913471 0.095180094
4 289 1034 2.00643 -0.4563889
6 844 134 1.9230224 0.32318884
0 162 1699 2.1159124 0.64832026
5 897 329 1.9556545 0.7513308
0 781 507 1.9368738 -0.2989948
9 72 1834 1.8551676 0.55410117
1 787 1232 1.9027474 0.64538735
2 318 1724 1.9979278 -0.76378775
6 663 254 1.7758117 0.7782549
1 797 1145 1.8534263 0.33928984
4 354 1326 0.94432133 0.33806878
8 817 1800 2.002311 0.7598073
6 253 220 1.9980549 0.72416645
6 85 1069 2.2951062 -0.1630215
2 435 1614 1.9977659 -0.49385533
4 152 925 2.0833104 0.7042809
1 877 1753 1.7985247 0.42278224
3 618 1081 0.72067493 0.08022833
4 875 1834 2.1280813 0.009499192
4 94 1721 1.8002741 0.11777985
6 872 985 1.7280303 -0.70398647
4 97 1780 1.8618692 -0.39589053
1 359 529 1.9513818 -0.19293463
7 452 1600 2.0276513 -0.042469263
2 846 1177 1.9549911 0.48433238
9 695 306 2.2282746 -0.7701875
2 767 362 1.9962595 -0.25871646
3 210 381 1.6812928 -0.16147566
2 74 397 1.9092877 -0.18657762
2 504 1685 1.8600938 -0.7068199
4 307 1084 1.782234 -0.44296926
8 795 869 1.9104598 -0.058757186
5 1051 653 2.1231813 -0.44540647
5 1032 500 2.1378322 -0.041297376
0 833 645 1.9591336 -0.17490733
1 443 1722 1.6560479 -0.54223233
7 842 1721 1.9736575 -0.13061988
7 724 1331 1.1492046 -0.2199344
0 566 1613 1.6655463 0.45730442
8 240 469 1.8742703 0.066984594
1 1003 381 2.0406775 0.5729988
8 1023 315 2.2104924 0.562565
4 389 874 1.5313084 0.40913457
7 620 221 1.8183441 0.087849915
7 120 1685 1.854049 0.7291103
4 114 678 2.1735926 -0.03342384
6 159 1720 2.0212026 0.77227384
4 995 1802 2.1641083 0.3404935
9 1036 1271 1.9437792 -0.273229
6 397 238 1.8448662 0.5170999
7 215 308 1.7135768 0.42512602
9 243 1435 2.0875366 0.6900783
6 701 1547 1.6554804 -0.3607781
9 242 1043 2.0384104 0.57200235
0 782 630 1.9059569 0.5227372
4 299 1738 2.275738 0.7786291
1 851 1878 1.9658084 0.09853196
3 974 1380 2.150947 0.39257997
2 169 1632 1.7388315 -0.26871908
1 823 1174 2.2307734 -0.19662201
6 719 339 2.183767 0.23941857
7 304 1855 2.130677 -0.596876
9 653 981 1.5826666 -0.40259302
1 398 252 2.2247405 0.15824741
8 761 322 1.9399557 0.4012292
7 780 1817 2.035247 0.23093027
0 223 1367 2.2541618 0.070271015
4 74 1526 2.17529 -0.097154975
0 725 1029 2.048364 -0.25813216
4 440 982 0.94188404 0.04573244
5 236 879 2.2131035 -0.66302353
0 84 1075 1.9639546 0.004951
5 268 1161 1.9834548 -0.67233104
6 1027 1404 1.8942914 -0.25094718
2 264 522 1.9947678 -0.5953605
0 733 519 2.184808 -0.30841178
1 571 1676 1.8729424 -0.27172285
9 460 1040 0.76972514 -0.0027310252
4 695 467 1.9768102 0.7164963
3 389 399 2.05797 -0.23046255
5 90 1439 1.9782548 0.73806626
7 714 156 1.8161036 0.67964107
8 772 639 2.2084515 0.6884567
7 701 228 2.1563942 0.56464964
3 916 644 2.0787897 -0.24152589
2 944 972 2.1493108 -0.6548127
5 773 1316 1.694033 0.6508383
9 79 1707 1.9689974 -0.38274956
7 769 1817 1.7822182 -0.65790457
0 173 1840 1.8040318 -0.16785395
3 159 1485 1.821843 0.48617023
7 617 307 1.8006618 0.5957101
7 759 1672 1.7689373 -0.6922221
4 1007 1429 2.3069553 -0.6816199
3 308 212 1.7373202 -0.009143889
5 401 672 0.957694 -0.41523936
5 661 1696 1.9715351 -0.27988875
4 412 982 1.242157 0.39741093
4 560 368 1.5479703 -0.61755824
7 219 1591 2.040352 0.4016108
1 433 1106 1.2392344 0.5622886
7 536 1532 1.256682 0.5724594
4 95 523 1.672847 -0.14127707
7 202 326 1.9010404 -0.15312827
7 340 239 1.8933265 0.38231593
7 82 1589 1.9306786 -0.72696525
4 406 800 1.1887057 -0.60854053
9 587 1827 1.9146198 -0.66841364
5 709 504 2.0326703 0.3000006
2 795 622 2.05032 0.4301247
5 393 709 1.0575018 0.39133078
6 85 1611 2.0887933 0.22406632
4 281 349 2.008308 0.16645247
7 284 824 1.9335418 0.14049959
4 316 1847 2.0151598 0.32263058
1 1035 1799 1.9379872 -0.5807688
9 637 1530 1.4302623 -0.5021832
9 214 903 1.8659225 0.015028715
2 992 854 1.9528544 0.21810502
3 958 1280 1.8619235 0.14554727
3 698 1567 1.8386731 -0.10759896
4 154 1734 2.0792422 -0.39756197
5 202 290 1.7676777 0.70314866
9 409 1071 1.8380581 0.5475498
3 107 458 1.8676395 0.33396655
7 467 404 1.9710013 0.5004564
9 391 1486 0.6028017 0.039836407
7 637 296 1.8794308 0.72351736
3 589 1838 1.9286168 -0.6629563
9 955 1670 1.887043 0.4607864
1 742 420 2.1465752 -0.14274824
0 243 943 1.997689 0.1409576
0 323 1080 2.0953043 -0.33095944
9 413 1080 2.007802 -0.30501914
9 135 1684 1.904964 0.40364093
8 703 234 1.8494843 0.05632484
7 817 1826 2.0146253 0.023357332
1 643 136 1.9527116 0.2808972
3 484 531 0.61490834 -0.66042334
5 471 105 2.3606448 0.7378743
6 765 1337 1.3093565 0.7732163
6 295 615 1.9451127 0.30519694
7 872 1390 2.1513267 0.6291539
0 1000 220 1.9753643 0.5036127
8 427 937 1.5953349 -0.022527456
6 312 887 2.1317654 -0.54495454
4 893 1626 1.894032 0.19877553
7 995 837 1.705467 -0.20590353
1 630 977 0.9373944 -0.23485571
4 707 1008 2.0953329 -0.29742384
2 127 1547 1.8496166 -0.61721617
0 875 315 1.6646022 0.64113325
6 69 92 1.8216158 0.5565824
0 435 286 2.0259073 -0.46084496
1 122 665 1.8394921 -0.08994347
2 836 504 1.838168 -0.49257898
3 767 789 2.053595 0.4126981
0 531 389 1.3369738 0.03074938
0 815 60 2.0414515 -0.38945287
8 84 234 2.121614 0.24527842
3 653 799 0.9562097 -0.5489495
4 227 1286 2.257178 0.57197076
3 522 74 2.0072267 0.67466754
3 210 615 1.8866063 0.50065583
8 225 516 2.0163453 0.36668855
0 465 76 2.2589748 0.24239129
7 881 1383 1.8917758 0.37599915
7 227 880 1.8812768 0.1703865
1 968 1790 1.8963456 0.18635881
9 122 1141 1.9993566 0.6904047
6 1015 620 1.8602281 0.4039932
1 283 1050 1.8210198 0.45095426
2 106 342 1.7871884 0.6651034
1 503 65 1.7751898 0.13125902
7 350 1592 2.0615528 -0.5912146
0 1023 275 1.8117332 0.31022555
3 227 962 1.8343565 -0.4872198
7 791 483 2.2487543 0.38946277
0 858 1254 1.8432823 0.5428137
6 812 1294 1.8396716 -0.67834926
5 969 965 2.1545079 0.07869828
5 936 550 2.1799405 -0.62712526
7 389 515 2.1470773 -0.7253529
0 520 1693 1.7494508 -0.40282848
9 329 981 1.7324601 0.29928666
1 908 270 1.7330993 -0.3851126
9 669 801 1.4266891 -0.0736056
5 998 1673 2.1411843 -0.29608423
7 324 1815 1.8965391 0.6924692
6 116 743 2.043238 0.66031283
1 1001 953 1.9127779 0.48927766
8 656 811 1.4866742 0.26717895
0 1053 1262 2.1950471 0.6661077
5 73 1456 2.2240798 0.700767
5 634 350 1.9283532 0.3831429
2 831 289 2.054296 -0.55974925
2 929 1765 2.1194127 -0.4199531
9 296 563 1.8554548 0.5171613
5 211 197 1.9238324 -0.031041324
3 134 965 1.9457403 -0.09913808
5 647 230 1.9228765 -0.09626311
3 844 501 1.9763954 0.060699165
5 748 1200 1.6467807 0.5782302
2 652 50 1.9031534 0.29685003
1 215 588 2.330206 0.22891682
0 317 893 2.2858121 -0.64707214
3 151 1333 1.86023 0.72255427
5 100 1590 1.8435278 0.3628804
6 371 656 1.8081506 -0.08386505
4 27 1523 2.1509337 0.52164537
6 378 1805 1.7296234 0.23610765
3 873 764 1.9687464 0.23406333
5 229 1019 1.7544698 -0.69239724
7 947 110 1.9838321 0.15512693
1 907 395 1.919212 0.42254275
1 779 989 1.9012004 0.21338356
1 214 1029 2.198475 0.26677316
1 727 664 1.6602092 0.59430116
7 313 1621 1.7629647 0.7619845
1 761 1719 1.8258637 0.56329864
7 800 223 1.6825284 0.7469496
1 438 1136 1.0822346 0.5325318
7 200 1820 2.349256 -0.7022378
5 701 163 2.1247501 -0.14299959
4 905 1690 1.9648108 0.66489536
6 136 1073 1.81569 0.27692968
8 709 1041 2.063563 0.3039114
7 656 813 1.277089 0.19233823
3 828 1657 2.0826578 -0.5973228
0 659 910 1.4337734 -0.33342016
6 379 1165 1.1267362 -0.29787177
9 696 173 1.9343673 0.4120491
5 409 820 1.5043248 0.61866707
0 821 1777 2.2369328 0.5988248
0 246 1708 1.8833796 0.12950784
2 234 1351 2.0417407 0.49075097
8 934 1655 1.8636025 0.10089153
8 288 615 2.125918 -0.6713764
8 937 1464 1.9916766 -0.7207827
7 112 1120 2.074026 -0.5061636
4 203 1286 2.0306995 -0.5528912
0 980 406 1.923777 -0.31783748
3 700 1219 0.75549287 -0.58781856
9 929 418 2.0039723 0.23453254
0 895 1721 2.1596515 0.12557566
3 957 1065 1.7444996 -0.7635794
8 737 1242 1.8133007 0.055050552
6 250 1257 1.6585282 -0.54294646
1 280 1261 1.9324024 0.7328051
5 830 1315 2.0143025 0.06698114
1 344 108 1.9675633 -0.70355105
7 179 958 1.935028 0.3899588
6 329 1057 2.0392554 0.2742818
8 574 213 1.9649581 0.09868598
4 780 1636 1.8082027 0.18885148
1 989 1733 2.0092256 0.43554598
6 869 1810 1.9282726 -0.5205157
1 945 879 1.7343502 -0.15793723
7 755 1131 1.9925725 -0.050456226
0 256 1655 1.7483478 0.15172958
9 431 1622 1.6993535 -0.14108217
0 126 719 1.8509991 0.2201721
1 966 1497 1.9412143 0.5934625
7 594 1760 2.19307 0.23713571
5 309 1104 2.2554789 -0.051719964
3 94 252 2.0841093 -0.5676067
5 210 695 1.8566352 -0.0818609
7 1014 892 1.7125434 0.57524437
5 253 1127 2.2977774 -0.5399918
1 834 255 2.069553 0.22982877
3 477 1595 2.1606047 -0.7064699
6 339 1494 0.8961178 -0.14048094
5 210 209 1.8230551 -0.4943479
7 34 836 1.9510605 0.30393106
5 1009 463 2.2591 -0.18023247
9 265 521 2.352547 0.33316928
1 268 1158 1.7597449 0.30502528
0 732 671 1.8332317 0.65181786
1 575 1706 2.0518184 -0.7849494
4 353 833 1.9962797 0.19616199
2 452 1159 0.59228754 -0.37696165
1 945 1285 1.7196751 0.31849486
1 764 211 1.8089397 -0.69401574
2 907 1405 1.764652 -0.472015
0 867 509 1.8550142 -0.3468554
5 225 369 1.7557956 0.6642831
3 555 1708 2.2529929 -0.70126444
9 744 1160 2.1282363 -0.36008263
7 956 44 1.9267435 0.22160345
7 898 1213 2.0471268 -0.5280716
4 185 1231 1.8018005 -0.6330764
4 386 526 1.7852852 0.543904
7 232 1303 2.0548587 0.7797368
3 203 849 1.9393232 -0.01937139
8 222 222 2.2492096 0.6549248
3 322 981 2.2042212 -0.55240226
0 307 324 1.6281201 -0.0890519
8 36 993 1.9044205 0.40756422
9 747 324 1.840714 -0.55900824
3 204 189 1.9791459 0.7338472
8 98 1012 1.8218476 0.19997728
9 193 110 2.067818 0.50426096
9 1001 1645 2.1345868 -0.12958461
1 887 431 2.0830863 -0.33427158
0 419 1771 1.6916648 -0.34703273
3 698 558 1.9707074 -0.51493526
3 547 73 2.114261 0.55064553
2 972 490 2.3080878 0.58244866
1 762 1172 1.8947473 0.3678797
5 118 1777 1.991013 0.46741086
6 464 81 2.1038558 0.11014205
7 220 941 1.9221156 -0.36147156
4 389 1778 2.0952787 0.2677341
2 827 495 1.977141 -0.7032305
7 158 1223 1.9378113 -0.13378447
3 158 504 1.9030399 0.15955997
9 607 131 2.1434176 0.74192923
9 880 474 2.1025805 -0.46960026
5 519 1716 1.8773719 -0.13930696
5 768 1085 1.7274431 -0.31693015
3 864 480 2.1593096 0.44835716
7 955 204 2.0015514 0.6953556
5 202 459 2.167139 -0.13891345
5 366 881 1.8219292 0.74510163
0 392 1117 1.8894113 0.51280504
7 1017 1635 1.9644076 -0.16907024
1 950 650 1.8942183 -0.65728915
5 663 878 1.7897854 -0.055859685
1 476 325 1.8860576 -0.058899164
1 411 899 1.3810985 -0.55144596
6 733 258 1.9480523 0.30498546
4 1014 991 2.0967207 0.57892936
6 964 451 2.1391287 0.023885787
4 832 125 2.16222 -0.42024586
2 798 683 1.96857 0.5255609
7 971 1453 1.626887 0.15351951
0 367 458 1.8492273 0.33054334
0 876 1154 2.184669 -0.25462788
7 255 221 1.7647958 0.346528
6 638 1779 2.1257606 0.7339844
9 969 1444 2.3119738 0.1935587
8 207 855 2.0392349 0.24242884
0 564 1804 2.0931323 0.031214952
7 759 1233 1.7570491 0.50325686
6 104 1024 2.0700498 0.12323606
3 145 208 2.1508207 -0.124400675
3 309 1580 1.8408505 -0.36000958
2 133 783 1.8671734 -0.66669846
4 112 996 2.0108018 0.7660174
8 1024 353 2.0513446 0.7070268
4 694 1608 2.302369 -0.026499629
3 935 469 1.9153229 0.22743315
8 527 127 1.9703054 0.07508165
3 846 461 1.7541928 -0.59310275
7 1013 1578 1.9855582 -0.22349608
3 851 1353 1.720429 0.5228196
5 797 1525 1.733898 0.24801546
6 310 1272 1.4644759 0.7570748
1 57 405 2.1123486 0.43028647
0 946 1467 1.9569016 0.5475734
0 805 1220 1.919583 -0.33690324
8 98 1323 2.153167 -0.28367805
4 144 1250 2.2547665 -0.18860668
7 277 1050 1.7708848 0.3512587
1 885 397 1.8678228 0.020001948
7 991 145 1.8907427 0.17556363
2 88 602 1.8953029 0.5553499
2 465 1124 1.1738683 -0.68786454
1 411 926 1.3863331 0.40077096
3 391 451 2.2916133 -0.5170264
4 381 902 1.8368136 0.18393958
2 675 1693 1.9894978 -0.14663392
3 783 1709 2.0634718 0.35806566
0 1020 890 1.9182972 -0.70599794
0 108 1857 2.101348 0.42311805
5 1024 417 1.860002 -0.77612716
7 959 1003 1.9141176 0.029106498
5 288 1343 1.6236984 -0.56925976
6 334 1584 2.170319 -0.58526444
4 981 1418 1.8631972 0.05620706
7 729 1668 2.1128223 -0.5847268
7 217 429 1.7649025 -0.5278583
4 905 1175 1.8646283 0.19327539
1 838 1400 2.0928302 0.096698165
3 776 1420 1.1080196 -0.24259132
7 52 1252 2.0214343 0.18207753
6 712 296 1.8057001 -0.19891775
2 786 509 1.7564753 0.56317025
4 77 215 2.0094848 -0.3480775
6 1002 206 1.8900293 -0.4746505
9 453 1851 1.9624691 0.038131952
2 724 65 2.2565057 0.4791922
4 910 743 1.88045 0.09299469
9 228 959 1.9209089 0.007465422
4 135 1233 1.9852241 -0.6221473
2 654 1623 2.1500137 0.25004393
7 327 581 2.1981397 0.03937155
1 897 1342 1.9177345 -0.21015048
0 430 1842 2.0861428 0.57562083
3 873 1111 2.1823943 0.5319578
6 775 330 1.7448326 -0.67331797
7 709 998 1.9073265 0.69438547
5 861 1705 2.109246 0.50234455
1 174 480 1.9701427 -0.45059443
0 1008 1677 1.7555199 -0.26335514
9 275 404 1.819113 0.60814863
6 107 1769 1.7378569 0.3429895
2 868 682 2.043627 -0.61028075
1 321 1580 1.7783622 -0.56180793
0 627 1498 0.71089107 -0.3325718
4 785 928 1.9603971 -0.18400067
1 571 1734 2.2072103 -0.36735648
1 842 1868 1.7707481 0.710175
8 40 378 2.0350182 -0.38554272
0 854 901 2.1270487 0.33973354
6 351 1606 2.2716687 -0.016093671
8 63 1515 1.8833873 -0.45538464
8 908 248 2.0592158 0.19286579
2 844 1717 2.2335598 -0.28943738
6 1014 978 1.7271615 0.0522784
7 352 1093 2.0967646 0.6552517
9 887 1017 2.313224 -0.6040888
9 85 853 1.9460808 -0.5758256
0 612 212 2.0398262 -0.5046918
3 815 1388 2.036392 -0.39916572
5 247 1577 1.7974253 0.39247173
8 239 101 1.9732158 -0.70579576
4 287 1788 1.9197706 0.38554603
4 898 1201 2.2404258 0.5582902
7 896 732 1.691829 0.7469297
8 900 1658 1.8758851 0.55209357
1 324 1581 1.9269487 -0.16168511
9 178 1203 1.8074629 -0.601119
4 271 1433 1.5451818 -0.18737072
7 231 1281 1.987418 -0.12812263
0 275 1674 1.937092 -0.26744634
9 394 1081 2.10036 0.26527184
6 117 1714 1.7608095 -0.6816293
2 643 1125 1.4460332 0.46728963
8 64 1400 2.1212811 0.5641176
6 936 530 1.9633092 0.17936903
0 204 385 1.946912 0.016439617
7 751 309 1.9560266 -0.15919912
8 935 396 1.9498655 -0.2884615
4 139 1387 2.1940348 -0.6954879
0 228 1485 2.1549146 -0.38326958
2 215 1256 2.11998 -0.36799005
3 866 1356 1.7038115 0.5546618
4 290 496 1.8562675 -0.5478536
1 142 811 1.9933897 -0.7743623
8 780 1781 1.9450344 0.3756767
5 514 115 2.1835945 0.5916162
0 866 1844 1.942065 0.34276313
2 878 1197 2.061733 0.53864807
1 618 268 2.3279195 0.15883285
0 252 1496 2.0987713 -0.29923093
6 777 1280 1.860107 0.19276226
4 163 384 1.9816567 -0.6401611
6 242 1600 1.907563 0.5439822
1 916 593 2.13589 0.47431427
5 99 538 1.7277843 0.1001209
7 721 173 2.27657 -0.697831
6 905 952 1.6810206 0.24548846
5 790 293 2.202961 -0.37321433
4 433 918 0.7930077 -0.49581295
9 712 998 1.879625 0.16162205
3 785 293 1.7596473 0.050037682
1 1020 1653 1.9553537 -0.2725258
0 566 176 2.0194197 0.7674044
5 720 112 1.9482331 0.14347178
9 1044 1622 2.1356325 -0.623665
4 662 122 1.7094216 0.24248224
7 984 828 2.0235915 -0.65324414
1 829 197 2.3433092 -0.72585064
2 235 1388 2.0754864 -0.009344816
9 1018 103 1.9341198 0.2609704
7 261 419 1.9127508 -0.21242517
1 69 1869 2.0683417 0.61066467
6 410 963 1.3954604 0.7598888
8 864 812 2.2809863 0.3609212
6 545 1823 2.2593062 0.7319675
1 844 1385 1.929314 0.2724889
8 158 1159 1.9042 -0.32279858
7 455 332 2.0867045 0.35214633
1 147 711 2.2711375 -0.35817516
7 128 216 1.9642562 0.5153348
9 312 1759 1.9695971 -0.037806213
2 999 505 1.8278334 -0.24785829
4 918 699 1.933629 -0.73533916
6 969 1141 1.883515 -0.39081672
0 238 1059 2.0309434 -0.43944046
7 157 1449 1.9002464 0.3441034
0 705 573 2.1875966 -0.13895184
5 617 1578 2.0677998 0.42666596
1 453 443 1.2832193 -0.40430215
7 188 926 2.1615348 0.48306686
7 499 1829 1.7244716 -0.41952345
5 236 1384 2.093476 -0.7282712
8 321 1459 1.0224658 -0.72367406
7 432 219 1.9489993 -0.124593735
2 905 351 1.9494039 -0.23022902
3 400 205 2.0789344 0.4256161
1 618 543 0.9536258 -0.20292103
0 429 872 1.4898256 -0.12023932
3 682 1810 2.2121484 -0.10066414
3 137 854 1.9922638 0.6612378
9 469 86 2.0640604 -0.07979238
7 518 338 2.0285273 0.39941114
1 234 1846 2.2453005 -0.4908852
9 374 124 2.2384913 0.61167556
5 638 1602 1.8697093 -0.41564363
0 768 1466 1.3104314 0.07907772
5 675 803 1.816426 0.54698414
1 136 339 1.7488743 0.53193706
2 918 1108 1.846186 0.103141665
2 318 632 2.0511217 0.2636357
4 447 532 0.9567524 0.39806527
1 178 140 2.1856985 -0.41956306
6 786 905 1.9006826 0.1635825
7 582 1823 1.9896697 -0.7189587
0 149 490 2.2148159 0.06552714
1 786 835 1.744605 0.19113022
6 876 1231 2.0723896 0.71773213
1 250 149 1.9862912 0.65239364
8 565 1570 1.8851985 -0.09761065
8 169 437 1.927404 -0.5123111
5 96 575 1.9436247 0.07587707
0 352 1337 1.2287492 0.47187275
7 228 551 1.7797875 -0.7132341
4 220 1690 1.8857634 0.66995806
3 767 935 1.8507181 -0.48372453
9 332 165 1.8717083 -0.62741315
5 841 483 1.7852421 0.6734213
9 649 56 1.6804206 0.4675774
5 803 1335 2.003019 -0.48856747
3 712 1043 1.783609 -0.027227521
7 607 1133 0.6135864 -0.64182633
6 407 648 0.691486 -0.37830585
6 225 847 2.2418237 0.20366865
2 299 391 1.91493 -0.124468446
4 734 589 1.6292508 0.6834703
7 905 607 2.2509067 0.11758947
5 429 820 1.2354178 -0.030325055
4 704 429 2.275669 0.7828916
5 700 284 1.9545897 0.6463582
3 820 896 1.9043728 0.07269573
6 838 1863 2.0639572 0.5575065
3 694 129 2.0379968 -0.2294051
5 311 644 2.0016525 -0.27659237
4 904 1318 2.1011374 0.6636031
5 958 623 1.7348176 0.53012973
0 238 151 2.0932317 -0.76203305
1 40 276 2.0956354 0.37948138
1 931 72 1.9190717 -0.72114635
8 494 263 2.020262 -0.6046913
4 456 992 0.599539 0.5865641
4 1001 909 2.0070083 0.37556154
4 307 242 1.9594482 -0.21013337
2 259 1063 1.9150889 0.12310308
0 384 1839 2.1003203 0.7183011
5 685 387 1.7028855 0.14632148
1 845 116 2.1496232 0.5522681
7 716 86 2.041193 0.05143714
7 999 1637 2.2899632 -0.58685535
2 393 777 1.7534535 -0.43009326
0 641 1078 1.625589 0.21956557
5 800 1516 1.9527726 -0.6577034
8 447 1726 1.9002309 0.7849899
3 171 1496 1.9209512 -0.5551905
4 844 571 2.141533 0.7463886
2 707 1512 1.3061693 -0.63530207
0 161 1236 1.7677051 0.27354223
3 638 72 1.6823189 -0.37411427
9 261 1628 2.0452194 0.32456928
6 308 1532 2.0254755 0.7408921
0 757 638 1.9157611 -0.2838329
0 919 919 1.7136538 -0.43517005
4 104 1617 2.0542183 0.057854414
3 930 839 1.706199 -0.14667308
5 335 346 2.3049142 0.7566386
8 433 807 1.1685698 -0.70019454
6 259 1801 2.033938 -0.30449033
0 637 1518 1.0898173 0.1950298
2 410 341 2.2375853 -0.75263333
6 562 306 2.2907977 0.5048048
4 84 241 2.256754 -0.2628677
6 152 388 1.8287814 0.53127414
3 649 317 1.8072067 -0.07154518
5 62 1058 2.2812035 -0.38528806
2 86 1278 2.2408898 -0.66754824
1 444 972 1.0006968 0.7249734
5 893 986 1.7372968 -0.22779202
5 960 1002 1.8033562 -0.22485113
6 879 37 2.1750824 0.61001676
7 109 954 2.0418072 0.20499176
4 869 423 1.9426244 0.6316498
8 971 691 2.0208666 -0.38032144
8 752 1760 2.1087105 0.5293159
4 976 715 2.04136 -0.13971227
0 132 175 1.9232665 -0.4256614
3 921 968 2.030671 0.2999155
1 679 1117 1.6244456 -0.05967337
1 873 1336 1.9252391 -0.42734998
6 220 1463 1.8840152 0.14084029
5 451 449 1.7666521 0.41847044
0 744 1134 1.8448794 0.30003685
6 402 1740 2.0221703 -0.5177996
5 186 156 1.8557479 0.1225521
2 701 1725 2.1325254 0.69069046
4 595 1823 1.6486892 -0.31050068
6 540 1784 2.002306 -0.5817492
5 708 571 2.0559676 -0.72238
2 131 1176 1.9637474 0.22643834
6 871 410 2.0560424 -0.77165884
6 755 297 2.0074027 -0.32858676
4 404 835 1.2789907 0.30351573
5 834 1038 2.0785897 -0.58307457
2 232 901 1.9211733 0.08549988
1 568 1813 2.13624 0.70096105
4 182 1318 1.7997795 0.4104753
5 687 1501 0.96364963 0.27038556
6 917 961 1.8696762 -0.7392472
5 927 1038 2.3210995 0.7228083
5 264 110 2.0773408 0.043884993
0 711 808 2.07611 0.18317413
9 411 1621 2.0308464 0.22811228
5 349 1550 1.902192 0.363046
7 815 843 1.8827875 -0.6420125
7 340 454 1.9436419 0.5117231
8 36 176 1.6890785 0.7656416
7 243 907 1.8468596 -0.78036624
1 900 66 1.7340392 0.7777539
3 758 1377 0.91124797 -0.39993092
6 1005 1453 1.8578806 0.3208111
1 295 979 1.9300998 -0.25380856
8 401 396 2.0992792 0.0879941
0 250 495 1.9874516 -0.22622722
9 207 1367 1.8415809 -0.74670583
3 145 419 2.2748866 0.22471887
2 421 1808 2.1209526 0.6110212
8 955 1747 1.9361439 -0.292734
1 781 1698 2.075161 0.10247123
9 84 404 1.9135407 0.44809014
2 796 1650 1.9909099 0.65565044
5 337 1631 2.168629 -0.06572729
8 174 306 2.177176 -0.64961445
9 983 1788 1.6989163 0.7343928
8 1026 1404 2.0320327 -0.4040432
9 795 795 1.733255 -0.4476598
0 180 1674 2.1915867 -0.13718557
0 374 443 2.2358522 0.73883456
7 559 279 1.9182721 -0.16631907
8 955 757 1.9954122 0.3324563
4 798 1491 1.9516503 -0.7513247
0 376 504 2.2682433 0.29543465
9 163 1706 2.0161135 -0.34650207
3 1005 1510 1.920868 0.39940208
5 85 820 1.9701133 0.75693756
8 1025 1032 1.9794389 0.13922691
0 1003 1082 2.024972 -0.12250596
2 347 793 1.8308703 -0.6169477
3 102 1300 1.7831542 0.59537286
5 787 672 1.8681979 0.4529199
3 936 608 1.9876 0.36460203
7 364 1677 1.95857 0.7041276
3 352 1004 1.7687722 -0.48640898
6 147 825 1.8057178 0.30232137
7 966 391 1.769617 -0.49000546
8 171 331 2.0903783 -0.346606
1 913 380 1.8317533 0.6861357
2 222 1015 2.305427 0.71280974
2 857 1161 1.8422887 -0.3864145
2 694 179 1.9767191 -0.23608106
5 960 1736 2.1763604 -0.005203843
9 1013 44 1.8325449 -0.19834453
0 838 1802 1.8462434 0.5758918
1 776 1343 1.2852995 0.19714928
3 740 815 1.8953646 -0.32072407
0 92 227 2.1618605 -0.08323014
9 54 1297 2.0640206 0.52167636
7 362 897 2.221539 -0.46877402
1 292 994 2.3434868 -0.29132614
6 652 840 1.1346439 -0.44627738
3 462 1539 1.594243 0.14528841
0 128 1145 1.8077303 0.2748738
7 366 841 1.7502525 0.7471257
3 167 1795 1.8523581 -0.7341095
2 254 1649 1.835849 -0.34399727
1 800 94 1.8818762 -0.50106955
8 188 1621 2.2361841 -0.08901113
0 867 1753 1.8953552 -0.40023407
9 846 1436 1.7614269 -0.6067989
0 844 350 1.8555303 -0.04027748
8 721 868 2.0275776 0.09348923
5 540 402 1.0882682 0.1482842
7 871 1019 2.1335738 0.6556241
0 496 435 0.9165913 0.38118833
5 956 804 1.9648267 0.32091397
4 98 1789 2.3216836 -0.55024195
5 808 776 2.0660887 -0.13286537
8 117 149 2.0150359 0.008223116
3 47 224 2.2011008 0.46473306
8 846 1674 2.1018429 0.51620334
7 319 66 2.1462073 -0.3983648
9 442 1042 1.18551 0.16260928
2 471 1161 0.6074613 -0.23953772
3 191 1138 2.247698 0.5299019
6 111 1689 2.094062 -0.44932586
6 801 519 2.117938 0.3998466
9 395 869 2.0689924 -0.5633144
7 693 1569 1.9478642 0.5920909
8 631 131 1.9427587 -0.15759301
3 813 158 2.2200377 0.4121681
1 902 1397 1.8790145 -0.51820326
7 200 729 1.8564979 0.0744583
8 776 1444 1.1584711 -0.37232983
1 243 455 1.9469843 0.24410766
1 313 535 1.8125584 -0.18960571
3 733 825 1.9891772 0.16882664
3 775 659 2.086923 0.6398577
5 749 53 1.9603273 -0.05301428
5 185 1118 2.1899745 -0.5852781
3 223 937 2.1848636 0.34847623
4 866 356 1.9407712 0.021173298
0 704 1592 1.8484235 -0.7379123
7 206 1009 2.357827 -0.029030561
2 838 615 2.1197255 -0.66349775
0 843 1499 1.9356705 -0.07972002
7 798 1301 1.9198768 0.46291012
6 926 1189 2.08108 0.55335826
3 113 777 2.1160824 -0.057533562
7 1032 103 1.8920969 0.1512028
8 999 937 2.1669424 -0.5509578
6 976 535 1.8472557 -0.6152452
4 846 114 1.9579409 -0.2893947
6 320 1334 1.6211776 0.17954701
2 694 734 1.3744591 -0.14826113
0 1001 1383 1.8871492 0.64192253
6 395 1077 1.8944551 -0.6642434
4 151 1252 2.084965 0.45686918
3 361 977 2.0097086 0.29299217
7 408 401 2.0346715 0.7154016
4 775 692 2.175037 -0.37480205
8 325 1374 0.9585546 -0.0056043863
5 403 1759 1.8972906 0.7318924
7 744 485 1.8791194 0.10763258
6 732 1073 2.0804608 0.40356082
3 959 94 1.965059 0.39838892
4 481 312 2.0232792 0.47285253
0 195 805 1.8400853 -0.6007274
7 237 1393 1.902655 -0.6164615
6 338 974 2.2717686 -0.008679032
9 832 1648 1.8944826 -0.1651147
7 957 837 1.9129137 -0.7615185
3 1021 820 2.2322333 0.11443341
8 46 1272 2.058936 -0.12610501
3 431 1647 1.7939384 -0.53680676
2 707 1085 1.7102404 0.041908383
0 162 265 1.8913112 -0.3861027
3 971 844 2.1889997 0.36981553
5 817 373 2.1184337 0.45520753
1 935 1322 1.6924778 0.74500734
0 348 247 1.7958232 0.72248083
1 828 953 2.2174065 -0.618388
1 208 280 2.2090552 -0.67176265
9 890 181 1.9375428 0.18016851
0 447 994 1.0808933 0.42787367
3 451 1601 1.9567193 -0.16356641
1 321 610 1.8845798 -0.5133846
4 748 1212 1.3228879 0.039221287
5 255 1357 2.110867 0.3695982
8 226 1764 2.196001 -0.7826857
1 391 895 1.6524497 0.6021119
5 282 620 1.9188046 -0.33788952
0 58 1007 1.8055347 -0.053118765
7 627 456 1.25206 -0.7195379
4 202 465 1.6809605 0.02779144
3 754 1684 1.8455877 0.4923256
7 139 1046 2.08533 -0.116963506
2 797 746 1.7009487 -0.11967796
3 700 246 1.7390696 -0.2727474
5 104 1783 2.197221 0.19290584
2 237 1523 1.877265 0.692498
9 661 448 1.9926835 -0.10230327
2 469 1667 1.9861757 -0.33543238
2 209 1417 1.9624542 -0.52073395
2 151 1671 2.0059898 -0.50640786
4 842 853 1.8526388 0.20942318
4 747 584 1.956249 -0.15159118
7 730 473 2.179449 0.10950583
7 439 1025 1.2196902 0.19339007
7 905 238 1.9584168 0.33597463
4 406 932 1.2400695 -0.62133586
8 434 1585 1.9699776 0.10376316
9 642 1027 1.3966268 -0.0062046647
2 461 1108 0.700284 0.6038937
0 1002 1745 1.8658737 0.21939796
2 194 1729 1.9500161 0.005767882
1 957 921 2.0691636 0.5698907
4 344 654 1.4850051 -0.46723348
6 668 874 1.7796448 0.49905962
5 830 427 2.0878086 -0.26389492
6 798 528 1.9604948 0.5496604
3 778 191 2.0454087 -0.70625865
8 229 861 1.9648522 0.013985693
3 689 802 1.5232029 -0.47021607
7 1003 1821 2.0139158 -0.19363183
8 191 214 1.8335328 -0.27727097
3 308 376 1.7391874 0.563858
0 292 1131 1.8787123 -0.30623132
1 703 761 1.5310198 0.029287279
4 482 385 1.9280779 -0.60371226
1 872 1729 2.196679 0.6973557
6 946 1068 1.9971895 0.43116063
7 986 1417 2.1230068 0.25514156
7 198 430 1.8671654 0.70066136
6 693 1813 2.07934 -0.54456663
1 535 129 2.3650515 0.3617137
5 659 1635 1.917176 0.58740884
1 364 1121 1.7951634 -0.70705044
0 292 919 1.9141911 0.4245426
4 673 101 1.9421388 -0.119846344
2 864 1769 2.0930386 -0.4032015
6 727 269 1.8141264 0.18241411
6 390 444 1.9281819 0.5113444
3 620 172 1.8268465 -0.7338277
8 460 1100 0.9327551 0.1318571
7 484 1618 1.9710422 -0.23430717
1 386 819 1.727044 -0.39440197
5 287 336 1.7518958 -0.5729632
1 576 418 0.846088 0.5172158
1 649 1642 1.644876 0.0103597045
8 180 1486 2.1020048 -0.494562
9 58 1717 1.7995172 0.050682604
0 336 1383 0.58724666 0.75361806
1 396 1637 1.8630406 -0.2467258
7 904 880 1.9808205 0.075968266
0 728 850 2.047415 -0.16007656
4 703 211 2.149025 0.18646407
3 729 176 1.9076767 0.5881539
0 59 1320 2.1624215 -0.24797714
4 973 1379 2.0585184 0.034347057
6 190 703 2.1224349 -0.63049674
9 413 76 1.8346629 -0.2335015
3 550 1863 1.7614454 0.7747989
4 536 1537 1.1391517 -0.65645254
3 242 1709 2.243799 -0.7689647
4 286 145 1.8220552 -0.27863288
3 230 1391 2.1011066 0.28434604
1 1027 1054 1.9864788 0.111931086
6 92 1875 2.1340125 -0.7641342
0 164 527 1.8979242 -0.03437507
6 177 1820 1.8199219 -0.11085266
5 739 870 1.9707445 -0.5970018
0 998 1290 1.9356661 -0.684657
8 724 1224 1.2579509 -0.64879423
3 1010 1721 1.7813867 0.51506716
7 763 1666 2.0828347 -0.61654973
9 382 158 1.8415458 0.395595
8 153 1176 2.172081 0.119879305
8 838 656 1.9734889 0.75005966
7 368 1531 1.6046102 -0.064460516
6 326 121 2.1724563 0.03038752
4 186 1111 1.9309553 0.3377164
7 424 1117 1.3742734 -0.37912667
0 998 1121 1.6634973 0.51483184
5 650 394 2.004819 -0.48055422
7 627 138 2.2688646 -0.32001522
8 1026 224 1.7602588 -0.18316483
2 244 560 1.6689489 0.20406199
1 440 1660 2.0913537 -0.4028932
3 254 1810 1.8807658 -0.16358966
5 916 729 2.052252 -0.12107158
4 1017 843 1.8939024 0.46002704
8 129 909 1.9153727 -0.02216208
5 717 1277 1.0169586 -0.7465324
5 604 503 0.73297715 0.48738247
7 728 482 1.8346776 -0.563385
3 488 1836 1.741703 -0.19907016
2 897 164 2.0543644 0.53217083
7 700 1186 1.2081549 0.1518938
8 301 458 1.969136 0.69221026
6 83 811 2.2188087 0.3752914
0 709 791 2.1122358 0.35602504
1 431 586 0.51988465 -0.42171273
1 258 869 2.1567929 0.33811158
6 313 487 1.9457446 0.41948277
4 796 979 2.1965117 0.18133211
0 689 206 2.0285614 -0.68247634
7 298 310 2.116202 0.76818746
4 985 1269 1.8886995 0.020608366
1 150 1322 2.0058947 -0.6386171
6 100 1154 1.9786984 -0.33170736
7 389 535 1.7245318 0.40180093
8 117 1381 1.9922314 -0.012990415
9 315 188 2.0032804 -0.5039947
1 685 1844 1.9493325 -0.24597764
9 917 1796 2.0194173 -0.25724196
2 88 909 2.2177203 -0.5515934
9 653 1834 2.0077622 -0.4954626
1 333 634 1.9435198 -0.37710762
1 356 632 1.5437534 0.29271334
0 962 1299 1.820038 -0.46411806
8 151 928 1.8641828 -0.6152315
7 661 577 0.8440612 0.56437
9 619 453 1.2243124 0.5598076
9 473 141 2.1063962 -0.33019677
0 746 1105 2.0767405 -0.29769817
2 910 303 1.8323859 -0.73354065
1 938 361 2.2018418 -0.20026064
6 957 460 2.0452452 -0.28647682
7 757 1113 1.7547702 -0.23426944
3 1014 1850 1.8464781 0.30264527
1 255 176 2.222545 0.2390247
5 654 1038 1.9939963 0.12876433
4 812 1244 2.0974522 0.24188048
3 197 728 2.1588535 0.12094349
4 742 1679 2.0609298 -0.13124967
6 697 1577 2.157186 -0.51599085
1 842 622 1.6855502 -0.43649048
6 245 1357 1.9304941 -0.77716315
6 233 70 1.9748588 0.13896114
8 969 485 2.032814 -0.5663415
3 700 1280 0.7776656 -0.18059677
6 651 1600 1.7090031 -0.6650931
4 169 885 2.010213 -0.75810236
9 720 378 1.9915041 -0.34499186
9 844 1629 1.8799185 0.27537853
4 340 397 2.0587475 0.15098137
4 817 86 1.871852 0.07996249
6 37 1255 1.9211822 0.60856277
9 790 976 1.7960027 0.3368942
1 956 1714 1.7788044 0.1292454
0 903 343 2.2165444 0.485169
0 97 1333 1.9033017 0.26623315
5 252 1585 1.877744 -0.6898711
8 303 1124 1.7539686 -0.46553856
0 362 1124 2.017991 0.6051361
5 541 1594 1.9556564 0.31389862
4 1038 1275 2.3489556 -0.122660816
5 759 403 2.0509539 0.116239965
4 628 1098 0.8132673 0.5603785
6 224 397 2.0673354 0.086511135
5 938 697 1.9227464 -0.344492
2 422 524 1.487791 0.5447771
1 203 295 2.1505284 -0.43581563
5 162 302 1.9379666 0.7233191
8 341 768 2.3269923 -0.09566736
9 974 1489 2.0206761 0.4186234
0 152 724 1.8912832 0.72367877
1 144 680 2.0195131 0.77842706
5 108 1167 2.0043952 -0.5609132
2 453 859 0.811122 -0.31354234
6 928 173 1.983572 -0.37979826
6 549 1711 1.9810448 0.23357779
3 838 984 1.9357523 -0.15341407
4 540 357 2.1784475 -0.23291641
1 414 69 1.8223625 -0.45809504
5 757 1532 1.9490187 0.33756548
3 788 1261 1.8809937 -0.35863805
7 672 263 1.9360236 -0.16112942
1 522 1700 2.0381122 -0.5752857
1 315 581 1.7729331 -0.41669244
5 742 597 1.9363422 -0.73769695
1 518 191 2.1842422 -0.4781425
0 259 761 1.8735881 0.56611913
2 139 1344 1.9194114 -0.58090544
4 459 1669 1.705748 -0.6141669
0 191 139 1.9165069 -0.3906968
5 933 271 1.7914598 0.35112137
